Token	MaxSurprisal	MinSurprisal	ParamUpper	ParamLower	ParamXmid	ParamScale
a	12.281660	2.002073	11.866758	2.553944	1.288462	0.296772
about	11.551873	2.599494	14.281875	3.114123	1.339673	0.800786
above	11.648451	5.326382	10.972293	5.951064	3.604356	0.229628
after	11.590709	5.988995	12.874817	5.398016	1.947816	1.420901
airplane	11.696529	4.234406	11.225035	5.010688	3.004663	0.435939
all	11.990550	3.738523	12.181203	4.677841	1.562316	0.363805
alligator	12.206598	4.802921	11.606740	4.652462	3.382995	0.496522
am	11.872938	5.092311	12.128682	5.575284	2.119357	0.639345
and	11.346282	3.050550	10.667115	3.697450	1.351601	0.251774
animal	11.564405	5.254676	15.351980	4.108818	1.551450	1.787056
ankle	13.602654	7.477977	12.203763	8.072077	3.640379	0.284999
another	11.452486	3.844205	12.195619	4.067846	1.759034	0.743555
any	11.300783	3.410997	15.818963	3.000061	1.217303	1.312699
apple	11.636641	3.939510	11.440386	4.657876	2.317787	0.593026
are	10.983541	2.437870	11.462415	3.085896	1.695520	0.382226
arm	11.496160	3.739666	11.515918	3.763206	2.886863	0.728244
around	12.095486	3.324679	14.931833	2.292914	1.725505	1.558523
asleep	12.452581	3.972826	11.647189	4.149550	3.103276	0.448849
at	11.337406	1.106718	11.450998	2.016197	1.491970	0.261945
aunt	12.275456	6.867430	11.592668	7.058797	3.808428	0.402003
awake	12.100822	3.781733	11.139983	4.005156	3.639751	0.450446
away	11.480248	2.637123	12.236288	2.352985	2.322418	0.809762
baby	11.296614	2.445677	11.372693	3.800516	1.562064	0.323062
babysitter	12.505893	3.996306	11.198136	4.460786	3.928522	0.373119
back	11.235739	3.353179	15.931720	3.418975	0.832209	1.207813
backyard	11.466552	5.485190	10.669827	6.049544	3.468228	0.372335
bad	12.255410	4.732402	12.375098	4.534425	2.678640	0.796558
ball	11.938128	1.422639	14.686169	1.611973	1.755154	0.995503
balloon	11.779252	4.100650	11.462049	4.771835	2.826631	0.484699
banana	11.641390	4.757021	12.151987	4.668472	2.410815	0.911506
basement	12.645477	5.081786	11.999148	4.310945	3.548384	0.771443
basket	12.210717	3.073255	12.154800	2.871689	2.854668	0.701762
bat	13.868915	4.704851	12.127607	4.820813	3.149965	0.526547
bath	11.083890	3.084420	10.866131	2.574538	2.875357	0.769612
bathroom	11.519519	3.669359	10.760399	4.549380	3.179536	0.555502
bathtub	11.813346	5.864059	11.388445	6.794390	3.005886	0.605311
be	12.415498	2.772935	12.806317	3.145352	1.496348	0.502967
beach	11.890688	3.136790	10.651607	3.523903	3.160226	0.399299
beads	13.238755	5.162484	11.879767	5.210004	3.396893	0.617781
beans	11.946174	3.677983	11.675218	3.526582	3.324996	0.548722
bear	11.219486	2.609754	11.893173	2.397816	2.479048	0.841567
because	11.508480	4.860402	12.860059	5.267916	1.528068	0.611277
bed	12.136715	3.876625	12.409641	3.417392	2.622201	0.854854
bedroom	11.901481	3.996721	11.133157	4.636447	3.137799	0.323207
bee	11.448401	3.233486	16.448401	-1.766514	2.589827	2.772152
before	11.555423	4.885688	15.888204	1.113517	2.331130	2.364496
behind	11.870195	3.262141	12.670743	-1.737859	3.824713	1.736496
belly	11.982140	4.871872	15.634539	3.753081	1.648264	1.711314
belt	13.220670	5.457614	11.687415	5.362302	3.482169	0.441216
bench	13.507476	5.280057	11.995678	5.356589	3.617421	0.341211
beside	12.667590	7.131492	10.952062	7.735854	3.858138	0.212357
better	11.102169	4.061418	16.102169	0.957992	1.862250	2.467867
bib	11.540021	4.684763	12.105874	5.231625	2.534479	0.936923
bicycle	13.078649	3.701568	11.889304	4.144566	3.196136	0.455511
big	11.582158	4.654518	11.163856	5.249659	1.538226	0.238858
bird	11.566805	4.128992	11.253809	4.096699	2.646462	0.823541
bite	11.598158	4.193694	12.277870	4.840475	2.270683	0.816571
black	11.711916	3.823901	11.534258	3.498642	2.891539	0.683835
blanket	11.987246	4.263794	11.772725	5.131256	2.840738	0.528964
block	11.458468	3.634455	12.080978	2.118797	3.160538	1.081040
blow	11.729413	5.205675	11.451141	5.080814	3.016205	0.738141
blue	11.319184	3.788319	12.410665	3.483624	2.209737	0.990074
boat	12.996045	4.216481	11.670589	5.017499	2.754361	0.342879
book	11.307241	2.758121	13.228868	3.849732	1.235357	0.648854
boots	12.907085	4.338399	11.686715	4.411748	3.266210	0.375016
bottle	11.408923	3.851655	16.408923	4.024246	0.769293	1.361082
bowl	11.980225	4.153655	12.151303	4.188029	2.605708	0.735811
box	11.913289	2.420742	12.103617	2.283341	2.366480	0.845813
boy	11.559252	2.967025	12.235199	3.414928	1.917854	0.585264
bread	11.570498	4.371542	16.570498	2.824596	1.335968	1.856287
break	12.272937	3.806686	12.067652	3.758635	2.722010	0.655249
breakfast	11.599661	3.765986	11.427937	3.623438	2.750508	0.768323
bring	12.159633	4.815978	12.583395	4.998382	2.059827	0.741737
broken	11.821328	4.868660	11.038786	5.486258	2.977066	0.343578
broom	13.512232	4.814782	12.024550	4.509005	3.666318	0.473185
brother	11.656977	3.745721	12.406874	-0.834946	3.900608	1.609317
brown	12.083618	4.040593	11.702372	3.560791	3.093411	0.903149
brush	11.910553	3.723870	11.348102	4.032698	3.170083	0.597378
bubbles	11.471717	4.601703	11.535935	3.146628	3.526114	1.032862
bucket	11.567251	6.206617	11.431219	6.825505	2.430599	0.621040
bug	11.784970	4.699838	10.508615	4.412772	3.426215	0.662690
build	11.547021	4.188092	12.008161	3.646937	2.654373	1.118349
bump	11.847796	4.183412	11.072602	4.312156	3.333589	0.508788
bunny	11.933451	4.259410	13.328645	1.425297	2.893296	2.113919
bus	12.289535	2.274950	11.309143	2.398860	2.852215	0.438106
but	11.326763	4.151420	11.489394	4.996108	1.521617	0.301719
butter	11.908899	3.431117	10.639306	3.234871	3.267157	0.541059
butterfly	11.690892	4.691157	11.134654	4.544397	3.034442	0.758436
button	11.352997	4.292276	11.004192	4.370360	3.104056	0.678349
buy	12.363581	3.552601	12.268508	3.903095	2.725508	0.526723
by	11.421654	4.511224	16.286252	1.896381	1.701268	2.236275
bye	11.381060	2.311731	11.052455	2.807742	2.539084	0.434002
cake	11.812478	3.122708	11.159260	3.042419	3.036366	0.483521
call	11.323831	4.618774	12.041038	4.590922	2.472828	0.861472
camera	11.396453	4.193597	12.483772	4.126835	2.515089	1.072183
camping	14.630915	6.135296	12.676435	6.632505	3.595106	0.189224
can	12.009178	2.954476	11.269952	3.486183	1.501186	0.324117
candy	12.489390	5.236414	11.438468	5.562500	3.363022	0.336435
car	11.652151	3.286071	11.511356	3.543955	2.321230	0.533029
careful	11.049218	3.257133	10.935372	3.509300	2.426698	0.617844
carrots	11.811847	4.637755	10.378993	4.605585	3.583415	0.371167
carry	11.847192	4.665644	11.493412	5.231751	2.918905	0.517848
cat	11.163414	3.661121	11.020316	4.003514	2.579823	0.493280
catch	12.126466	3.805866	11.840545	3.615182	3.083575	0.662780
cereal	11.789365	5.739867	11.065138	5.462654	2.887050	0.967204
chair	11.436529	2.980898	12.059574	3.335100	2.404021	0.747114
chalk	14.019414	5.848804	11.569608	6.372690	3.646370	0.283225
chase	11.812521	7.060425	11.247059	7.434007	3.434280	0.406292
cheek	12.066625	6.527486	11.655564	6.617543	3.215896	0.775892
cheese	11.902440	3.727515	13.368856	3.253042	2.252296	1.126369
chicken	12.356204	4.017088	10.793616	3.069493	2.882110	1.031503
child	12.108722	6.273230	13.510031	3.007348	3.619370	1.833523
chin	12.272482	4.773705	10.831332	4.970680	3.427938	0.409052
chocolate	12.005790	4.878546	11.134015	5.453582	3.064370	0.214099
choo	11.988506	3.122737	11.848143	3.856837	2.817435	0.470776
church	12.932299	4.937329	11.558214	5.744894	3.393956	0.224016
circus	12.430260	3.473686	10.957520	3.857236	3.553184	0.372534
clap	11.217721	3.925595	9.440476	4.583933	3.730434	0.146089
clean	11.277104	4.080983	11.122001	1.771950	3.402378	1.429180
climb	11.819742	5.069916	12.294907	5.089413	2.617777	0.848126
clock	11.751519	3.918936	16.751519	2.410162	1.442495	2.109511
close	11.961223	4.108268	16.961223	-0.187479	2.314748	2.661528
closet	12.591352	4.247407	11.331010	3.997316	3.358383	0.638347
cloud	13.024563	4.485530	11.433424	5.177013	3.451797	0.283128
clown	11.460590	3.290318	10.902591	2.002689	3.533233	0.728607
coat	11.574475	4.905616	11.088105	5.458188	2.940340	0.493394
coffee	11.795490	3.512971	10.867749	3.585270	3.180206	0.439876
coke	14.560342	5.623829	12.322538	6.079048	3.609979	0.221134
cold	12.030611	3.873725	11.887388	3.726603	2.800475	0.819485
comb	11.951664	5.498870	10.997614	5.802665	3.305050	0.593171
cook	11.728380	4.204226	10.865564	4.215334	3.390920	0.539901
cookie	10.987875	2.951712	14.815623	-2.048288	3.156935	2.770275
corn	12.135646	5.208176	11.342177	4.926572	3.370914	0.625028
couch	12.257227	3.539141	11.617341	3.333128	3.198039	0.595495
could	11.690425	4.348340	12.723148	4.759369	1.634659	0.643802
country	14.556013	5.833998	12.375744	6.528671	3.315207	0.239366
cover	11.982463	6.562264	11.906203	6.730698	2.878211	0.901369
cow	11.590152	3.240665	12.924084	2.195141	2.191156	1.315032
cowboy	13.299882	5.634164	11.752533	6.221687	3.420965	0.253932
cracker	13.990424	4.324893	12.695112	5.300931	3.033489	0.456757
crayon	14.299184	5.121921	12.227622	6.256267	2.935739	0.353057
crib	11.975781	4.745274	11.545894	4.110712	3.479344	0.853417
cry	11.255373	3.684251	10.542330	3.756192	3.225228	0.508443
cup	11.510835	4.372278	16.510835	3.305738	0.932092	1.861194
cut	11.856299	4.222615	11.746915	3.395335	3.103407	0.829852
cute	11.978956	5.208750	16.978956	0.208750	2.590727	3.044235
daddy	11.257956	4.335621	16.257956	3.934739	0.822584	1.779593
dance	11.336884	3.375005	9.647938	4.080707	3.635786	0.184418
dark	13.806241	3.365063	12.328966	3.496813	3.152274	0.363189
day	11.322298	2.958600	11.898906	2.106481	2.622961	1.129644
deer	11.874898	4.429917	12.251516	-0.570083	4.340524	1.454293
diaper	11.605275	3.450063	13.571151	-1.549937	3.949806	2.140740
did	11.623687	3.765897	10.763162	4.527517	1.623618	0.302080
dinner	11.664945	3.947680	11.462085	3.621588	2.874818	0.816506
dirty	11.289981	5.204923	11.827641	4.832065	2.720026	1.010508
dish	11.458401	5.902639	11.395232	5.552764	3.306435	0.846775
do	12.065648	2.625221	11.711462	3.356354	1.316191	0.350096
doctor	11.792134	4.183844	11.366428	3.916784	3.086158	0.552059
does	11.587314	3.947494	12.939015	4.629306	1.326941	0.570895
dog	10.865076	3.937012	12.704241	3.662960	1.921585	1.130962
doll	11.735059	4.382563	14.165366	4.934297	1.465620	1.107090
donkey	11.900624	5.111789	13.722209	4.297029	2.353676	1.401259
donut	14.932170	4.477427	12.551855	5.488046	3.544226	0.275206
door	11.239991	1.969761	10.972744	1.257451	2.851999	0.873894
down	11.695059	2.327408	14.228304	2.284019	1.619316	0.940409
downtown	14.813732	6.380458	12.832709	7.549083	3.722473	0.163038
draw	13.929114	3.167579	11.658985	4.119494	2.905697	0.222157
drawer	12.218165	4.039876	11.401715	3.888320	3.472614	0.505178
dress	11.313503	4.926452	10.585188	5.286252	3.226482	0.533796
drink	12.095390	3.292958	13.191688	2.705200	2.240608	1.037604
drive	11.426651	3.732258	11.283011	3.571417	3.124929	0.560715
drop	12.228049	5.097840	13.639040	1.939259	3.300979	1.826885
dry	11.948340	4.691769	12.111768	3.091379	3.339930	1.273079
dryer	13.235798	7.120045	11.500061	7.679635	3.793819	0.253694
duck	11.351010	3.878025	13.231696	3.986436	1.872014	1.063029
dump	11.663731	4.851479	11.381644	4.585000	3.509231	0.665394
each	11.794863	6.080939	12.404339	4.254959	3.159882	1.430020
ear	11.260879	4.395287	10.905714	4.425788	2.950556	0.720327
eat	11.016626	3.031728	12.736803	3.408537	1.535337	0.705587
egg	12.943142	3.932943	11.886230	4.604385	2.628839	0.292020
elephant	11.405687	3.775782	10.888957	4.151269	2.730959	0.427439
empty	13.683006	5.468462	12.208148	5.745871	3.000157	0.484622
every	10.991506	7.159742	11.744345	6.876561	2.425430	1.622827
eye	11.411594	4.881372	12.770090	4.825697	2.123056	1.129919
face	12.046433	3.945697	12.953985	4.210260	2.072706	0.819158
fall	11.475645	3.611859	12.121959	3.580581	2.444824	0.881071
farm	12.214507	3.172481	14.647107	-1.827519	3.305455	1.932470
fast	11.362798	3.386356	10.513923	3.547867	3.170343	0.444406
feed	11.424528	5.111167	16.424528	4.811086	0.725955	1.717720
find	11.655529	3.219125	12.454679	3.348551	1.957231	0.734830
fine	12.339651	4.771189	15.579910	2.817181	2.180949	1.749153
finger	11.333555	3.685382	11.786911	3.715564	2.588159	0.698359
finish	11.357799	5.669646	11.737234	5.614472	2.528494	0.786877
first	11.790095	4.578750	16.790095	2.336499	1.543462	2.022606
fish	11.404365	4.018797	11.073042	4.372987	2.675466	0.474983
fit	12.237828	2.925648	12.023587	2.990682	2.687439	0.695967
fix	12.702408	3.645627	11.554554	4.831530	2.684871	0.376576
flag	13.329726	5.379402	11.893454	5.567977	3.417723	0.410384
flower	12.623691	5.347687	11.148910	6.368566	2.692639	0.291798
food	12.330005	3.794595	17.330005	4.322872	0.960534	1.130858
foot	11.578389	2.285323	13.226295	-2.714677	3.450492	1.882487
for	11.753130	3.437784	11.477982	4.133608	1.528187	0.430368
fork	12.932690	3.770487	11.698539	3.987497	3.094091	0.480000
french	12.031975	5.990710	11.075548	6.442408	3.631181	0.276158
friend	11.341375	2.867170	11.597927	1.390147	2.992972	1.046488
frog	11.413328	3.697807	14.630403	1.170468	2.494810	1.872506
full	11.086890	5.157480	10.352095	5.153977	3.464421	0.386748
game	11.083074	2.949621	10.531538	2.441627	3.445221	0.557292
garage	13.096824	3.643654	11.702950	3.916652	3.036718	0.380660
garbage	13.162569	3.006094	11.675794	3.272004	3.189955	0.500538
garden	13.128931	3.095666	11.967054	4.124526	2.854661	0.288747
gas	12.094740	5.652199	11.514511	5.633735	3.476731	0.394958
gentle	11.535234	5.158316	12.355898	3.977615	2.908720	1.367425
get	11.249917	3.310918	10.574423	4.057009	1.501762	0.293799
giraffe	12.480871	3.781433	12.211824	4.282560	2.908226	0.527625
girl	11.751002	1.761602	10.791540	2.327446	2.245395	0.536967
give	11.693904	3.361509	14.014713	3.869585	1.326862	0.740252
glass	11.246403	5.286515	10.685272	5.462368	3.340065	0.440394
glasses	11.792301	3.343657	10.899603	3.015766	3.403704	0.534656
gloves	12.704611	4.613569	11.318977	5.111870	3.633438	0.252852
glue	13.676790	4.890595	12.302975	5.621200	3.349633	0.250429
go	11.878850	1.607404	13.571490	2.054662	1.461245	0.633162
good	11.528914	3.468167	11.405126	4.140087	1.571097	0.342514
goose	11.551228	4.469729	11.655118	0.983366	4.009381	1.387658
grandma	12.263894	5.037174	10.968614	4.253157	3.596723	0.641201
grandpa	11.468421	3.881321	10.493064	4.201689	3.581092	0.253264
grapes	13.207670	3.985212	11.823138	4.470163	3.151275	0.385394
grass	12.508136	3.016845	11.446848	2.715888	3.195879	0.567292
green	11.822518	3.477926	13.060112	3.312222	2.031232	0.967669
gum	11.712204	4.298793	10.796324	4.676660	3.556193	0.217177
hair	11.696965	2.578809	16.696965	1.497104	1.375611	1.540798
hamburger	11.809117	5.104077	15.044585	0.104077	3.853054	3.053307
hammer	12.710234	2.488434	11.427164	3.314649	3.352052	0.451091
hand	11.212410	3.295672	13.385678	3.867680	1.482452	1.026862
happy	11.944973	3.184506	12.855603	1.485937	2.887565	1.214223
hard	11.688970	4.522494	16.688970	3.580436	1.097645	1.665012
hat	11.455669	2.765688	14.950529	1.960462	1.857244	1.366628
hate	12.108216	5.396834	11.124006	6.678992	3.421997	0.218654
have	11.386877	2.193977	11.403171	3.051555	1.385021	0.313677
he	11.867475	2.610900	12.736925	3.504138	1.416748	0.487521
head	11.765953	3.047670	11.645776	3.430366	1.969481	0.574109
hear	11.985395	3.752273	13.018012	4.267379	1.754383	0.753415
heavy	11.508616	4.652342	10.489174	4.698103	3.178574	0.520836
helicopter	12.861613	4.051148	11.727650	4.752261	3.232537	0.405808
hello	11.384411	3.839233	13.458503	4.330047	1.361616	0.865392
help	11.723074	3.790182	13.202878	3.833253	1.941599	1.025690
her	11.173328	1.950091	12.706004	2.096695	1.814005	0.764009
here	11.065084	3.234710	10.908448	3.940336	1.471211	0.263123
hi	11.043747	4.294537	10.759962	6.071091	1.436555	0.214063
hide	11.384703	3.812468	10.633001	4.261424	3.363903	0.392701
high	11.422796	5.099238	11.955167	4.085477	2.872820	1.197261
him	11.620093	2.236328	13.441040	2.510026	1.744339	0.778938
his	11.627389	3.950792	13.249540	4.192169	1.442329	0.793451
hit	11.733438	5.513794	14.628433	1.965402	2.759064	2.382523
hold	11.366908	5.182084	11.510633	6.116901	1.580313	0.368364
home	11.342320	0.662496	13.543199	1.401026	1.535434	0.669763
horse	11.151238	3.788640	11.755881	3.308126	2.513230	1.008346
hose	13.108198	4.862382	11.699839	5.035126	3.428624	0.334845
hot	11.354722	3.800757	11.045712	4.383930	2.655762	0.436916
house	11.327159	2.130267	12.288454	1.694500	2.468716	0.984747
how	11.245976	4.219964	12.339999	4.864774	1.246743	0.568163
hug	11.278134	3.457407	12.114732	-0.247434	3.581090	1.694799
hungry	11.076620	3.734716	11.632311	2.701897	2.791451	1.082102
hurry	11.450093	6.312599	10.623450	6.881825	3.623373	0.284597
hurt	11.394016	3.682438	11.004669	3.687891	2.900384	0.691595
i	11.794809	4.299141	11.167268	4.150226	3.101038	0.542290
ice	11.255405	4.369389	16.255405	4.187008	0.811019	1.626889
if	11.804682	4.028732	12.338519	4.536717	1.512233	0.541080
inside	12.816357	5.030146	13.866153	4.880296	2.100268	0.973603
into	11.556364	5.303465	13.390400	5.740110	1.354777	0.847229
is	11.626468	2.333303	11.292738	3.169770	1.408203	0.365555
it	11.784791	2.066753	11.716574	2.361345	1.276758	0.368367
jacket	11.835602	3.802221	10.847000	3.896390	3.457347	0.439130
jar	11.905048	5.533712	12.666374	0.533712	4.452461	1.988617
jeans	13.409294	5.711455	11.551015	6.580700	3.725435	0.269487
jelly	14.185800	5.172002	12.317727	5.731957	3.120628	0.325611
juice	12.462284	2.646705	14.773824	2.375194	1.822535	1.012520
jump	12.566963	3.030649	12.359132	1.802972	3.108325	0.894788
keys	11.891220	5.102451	16.891220	3.441343	0.810032	3.053268
kick	11.290556	5.202153	10.451904	5.191969	3.546553	0.488952
kiss	11.535463	2.421296	16.075405	-2.237337	2.643183	2.084030
kitchen	11.591712	3.665297	11.498224	3.870600	2.408768	0.706755
kitty	12.105071	2.874402	13.478955	3.473039	2.028857	0.935055
knee	11.802837	2.730823	11.240663	3.363498	3.240418	0.422769
knife	13.699704	4.434123	11.796224	5.026239	3.135594	0.259741
knock	11.634559	4.363118	12.855370	-0.636882	4.051137	1.968393
ladder	13.485570	4.303133	12.214309	5.225948	3.034938	0.256583
lady	12.345257	5.220402	13.531462	4.779709	2.186837	1.220711
lamb	12.422209	3.943959	12.701706	-1.056041	4.205206	1.515676
lamp	12.363041	4.490518	10.938229	4.570960	3.779459	0.266830
last	11.602906	4.081403	12.938144	0.889862	3.232544	1.717229
later	11.356041	3.600954	11.408988	3.073683	3.190398	0.695672
lawn	13.910916	5.382135	11.805580	5.891990	3.769914	0.380684
leg	11.226893	2.898889	11.229540	0.728199	3.604416	0.959565
lick	11.305749	5.229599	10.489120	5.674663	3.593956	0.309784
light	12.018326	3.438443	12.541490	2.974053	2.853250	1.031493
like	12.021035	1.711852	12.792336	2.565130	1.429905	0.394182
lion	12.350234	3.317894	11.990412	4.022289	2.748940	0.482608
lips	11.714359	5.322034	10.813479	6.141334	3.495147	0.229972
listen	11.819305	5.315810	10.710229	5.626750	2.940372	0.649481
little	11.430383	3.047222	11.099038	3.913245	1.507004	0.233793
living	12.202394	3.931374	11.647521	3.651468	3.345280	0.588437
lollipop	11.488148	2.804364	10.697740	3.400851	3.648726	0.152200
long	11.912842	4.153669	12.089197	3.629870	2.319020	1.023483
look	10.710194	3.284011	11.987020	3.687313	1.241946	0.600905
loud	12.054421	3.947173	11.632704	3.500836	3.258876	0.679227
love	12.827821	4.768746	13.468994	5.677851	1.647145	0.588451
lunch	11.712384	2.744835	12.168332	1.577968	2.936706	0.910267
mad	12.041786	5.975966	10.604536	5.467427	3.425340	0.727040
make	11.965018	4.183183	11.537210	4.646119	1.551078	0.522860
man	11.081468	3.854042	11.058596	3.342409	2.869922	0.910919
me	12.394203	1.767078	13.170744	2.181653	1.633036	0.519269
meat	11.165889	4.172398	9.783928	4.580822	3.536244	0.336536
medicine	13.012168	3.446526	11.311675	3.584131	3.423177	0.416678
milk	11.923979	3.539626	11.615456	3.400721	2.577588	0.660545
mine	11.377935	3.991687	11.116313	4.279336	2.786219	0.541160
mommy	11.572399	3.983791	16.572399	4.530983	0.918278	1.384358
money	11.759844	3.828936	10.895245	4.061555	3.155777	0.395571
monkey	11.620986	3.959014	11.955776	3.684790	2.747997	0.866116
moo	11.492911	3.325053	16.492911	-1.407443	2.620660	2.648353
moon	12.000673	2.035898	11.855087	-0.349629	3.405492	1.239900
moose	12.784506	5.467755	11.556137	5.681630	3.685139	0.584634
mop	14.801694	6.203595	12.660505	6.534351	3.745973	0.314946
more	11.696614	3.264248	13.254981	3.851346	1.421665	0.736445
morning	11.763688	2.574916	11.768695	2.707641	2.545855	0.572649
motorcycle	12.871268	4.704485	11.494631	5.129458	3.397056	0.548957
mouse	11.384457	3.254682	11.206933	3.321439	2.926131	0.672074
mouth	11.508712	1.120889	16.135624	-0.432677	1.576614	1.564295
movie	13.552379	3.917051	12.141754	4.606810	3.406500	0.333685
much	11.664302	2.338894	13.235214	1.721257	2.060599	1.107944
muffin	13.407496	4.893746	11.735298	5.148093	3.641108	0.328743
my	11.869695	4.510880	11.926611	5.315945	1.550713	0.309214
myself	11.697707	4.260883	11.319167	4.330135	3.164831	0.398851
nail	13.572915	5.971806	11.287176	6.800572	3.417093	0.269555
nap	12.105588	2.940285	11.299122	1.754532	3.362598	0.929568
napkin	12.758722	4.897607	11.926757	5.528751	3.289973	0.393458
naughty	14.350820	4.400549	12.454481	5.337270	2.914542	0.202446
necklace	12.130423	4.901433	11.757493	3.945732	3.622852	0.713792
need	11.371735	3.856553	11.678670	4.466810	1.941606	0.673177
new	12.216823	5.094426	15.162183	5.206600	1.117858	1.029363
next	11.602075	5.074375	16.602075	4.505515	0.947417	1.641988
nice	11.562436	3.748784	12.963227	4.088462	1.688467	0.676156
night	11.401378	3.282538	12.400492	3.100966	2.372925	1.037487
no	11.486267	3.231404	10.494489	3.727223	1.511763	0.225119
noisy	12.695132	5.808984	12.118264	5.624467	2.967110	0.892838
none	11.112364	6.293087	10.075900	6.644912	3.640560	0.183546
noodles	12.224684	4.769469	11.925731	1.932398	4.075252	1.050216
nose	11.620995	2.644065	12.902532	2.394857	2.184415	0.872616
not	11.946150	3.330374	10.583816	4.054567	1.504361	0.261113
now	11.111627	3.961039	11.452248	4.651723	1.624289	0.380613
nurse	11.846999	4.657664	11.034200	4.514604	3.553425	0.467032
nuts	13.633426	4.526105	11.591569	5.169301	3.600723	0.346939
of	11.814946	1.603475	12.617205	1.877700	1.544234	0.600478
off	11.741938	2.213075	13.895066	1.997504	1.936030	0.996361
old	11.241214	4.393229	11.191616	2.937887	3.122089	1.208292
on	11.656121	2.718494	10.876711	3.475529	1.505644	0.267142
open	11.225717	3.945137	16.189704	1.060024	1.698858	2.286441
orange	11.801269	4.260644	13.030627	4.140038	1.959883	0.966873
other	11.516292	3.942033	11.600122	4.737282	1.589624	0.402759
ouch	11.593887	7.129173	11.482020	7.640055	2.205340	0.453498
our	12.039032	4.517504	14.799487	4.194886	1.624162	1.182647
out	12.330413	2.247144	17.330413	2.414055	1.057292	1.071964
outside	11.521303	4.674046	11.270306	5.071973	2.542025	0.613437
oven	12.184638	3.288046	11.653665	3.326991	3.048251	0.639495
over	12.111692	3.092861	17.111692	3.186671	0.701597	1.227073
owl	11.330737	3.939250	10.680961	3.501146	3.345905	0.760215
paint	13.338398	5.207758	11.715856	5.730114	3.388132	0.318494
pajamas	12.589221	3.566379	11.091300	3.818411	3.209203	0.463748
pancake	12.312845	5.788381	11.210424	6.172220	3.623764	0.333951
pants	11.960178	3.429073	10.495800	2.429132	3.312933	0.869210
paper	11.164508	3.041185	11.015767	2.980144	2.794525	0.688665
park	12.128546	4.003283	10.988706	4.535090	3.049772	0.341258
party	12.046917	3.051157	11.247290	3.179953	3.127735	0.374739
peanut	12.334897	4.920944	17.334897	0.522136	2.326811	3.047804
peas	11.744532	4.072758	16.744532	3.188915	1.037529	1.854688
pen	11.245201	4.900026	11.119833	5.531550	2.929211	0.489299
pencil	14.021489	3.305151	12.107669	3.626700	3.260690	0.351975
penguin	12.401437	5.586628	11.167774	6.052953	3.014727	0.444017
penis	14.181910	6.206813	12.503989	6.632103	3.648705	0.340398
penny	13.479244	3.982167	11.717665	4.527523	3.382252	0.277948
people	11.388351	3.970688	12.339153	3.604572	2.382757	1.019720
person	12.009363	4.097763	11.602927	4.129096	3.216375	0.627750
pick	11.965518	5.568458	14.833728	4.769746	0.357844	2.110026
pickle	14.655478	3.518255	12.369863	3.796970	3.572543	0.186565
picnic	12.315872	3.256352	11.711354	3.653553	3.160440	0.395400
picture	11.775751	2.782096	11.615615	2.683850	2.561684	0.660612
pig	11.502541	3.789383	12.561221	3.163428	2.487715	0.982753
pillow	12.980468	5.332917	11.771592	5.656899	3.035956	0.487592
pizza	11.675827	3.855223	16.675827	2.539136	1.240537	1.969208
plant	12.139769	7.209786	11.231465	8.021487	3.279229	0.625091
plate	11.240101	3.382833	16.240101	-1.617167	2.532702	2.527962
play	11.420713	2.901219	14.684788	3.469171	0.968497	0.843887
playground	12.423456	6.285844	11.272147	7.085884	3.660945	0.291203
please	11.316429	3.931715	11.431596	3.614833	2.477489	1.026752
police	12.272977	4.571136	11.179799	4.924726	3.308526	0.323080
pony	15.286212	5.159374	12.870080	5.750000	3.267365	0.356080
pool	11.499876	3.074280	10.781406	3.165795	3.341362	0.295600
poor	12.489356	5.798585	12.357615	5.722700	2.383836	1.051736
popcorn	13.772103	4.893458	12.091014	5.491427	3.569424	0.302967
popsicle	13.533217	6.763274	11.940474	6.750111	3.909677	0.463503
porch	13.279577	4.155661	11.636928	4.738570	3.633600	0.261029
potato	12.010060	4.332096	11.683736	4.781184	3.388715	0.351479
pour	11.816002	5.380294	10.883333	5.234016	3.136354	0.650457
present	13.473277	3.982352	11.721059	4.596016	3.075645	0.288782
pretend	11.530398	4.323606	16.530398	-0.676394	2.659282	3.044324
pretty	11.634563	4.774799	16.634563	4.893548	0.743805	1.312418
pretzel	13.532371	5.498682	11.980614	5.524348	3.769133	0.387407
pudding	13.351799	5.173212	11.756826	5.401804	3.512679	0.335601
pull	11.081602	5.106165	12.473996	5.681656	1.512253	0.889127
pumpkin	11.037360	5.180030	10.761126	4.954096	3.360596	0.652334
puppy	12.045726	3.912982	12.017695	-1.087018	4.278860	2.043288
purse	11.566601	4.394357	11.048126	3.821779	3.590281	0.725486
push	11.567292	3.141879	12.925345	2.210912	2.610150	1.130615
put	12.350576	2.418043	12.150367	3.654070	1.634536	0.283894
puzzle	13.093589	3.445219	11.877392	3.989030	3.104271	0.430357
quack	11.499334	2.494891	12.848324	1.773422	2.346233	1.042681
quiet	12.392365	4.156467	14.863515	-0.843533	3.518580	1.998612
radio	13.002091	5.739621	11.690796	6.414254	3.163550	0.482643
rain	12.275376	3.998134	12.213947	1.869411	3.375990	1.034989
raisin	14.460062	6.671104	12.169047	7.819290	3.427817	0.460779
read	11.523008	2.928996	11.976698	3.824823	1.679644	0.479522
red	11.336496	4.780051	11.760106	5.338433	1.814448	0.662807
refrigerator	13.108860	4.085027	11.989900	4.562132	2.955788	0.519264
ride	11.703345	4.010263	10.992764	4.108927	3.031259	0.588502
rip	11.476355	5.577967	10.341149	5.912449	3.698620	0.287640
rock	11.600150	5.308534	11.697152	4.757898	3.297067	0.879268
rocking	11.635371	5.167837	10.390884	5.880566	3.678749	0.421949
roof	12.443000	3.701818	11.593727	3.609007	3.380857	0.503751
room	11.701385	2.782852	11.253413	2.199319	2.773882	0.868883
rooster	11.128600	3.745316	10.567988	-1.254684	4.731819	1.110432
run	12.053748	5.901626	11.901198	6.062750	2.580470	0.636579
sad	11.662634	4.294623	10.735899	4.555222	3.226328	0.379461
salt	13.887262	4.643221	12.371001	5.152488	3.318331	0.377063
same	11.277184	2.721563	13.492723	2.264632	1.996951	1.070072
sandwich	12.125755	3.629205	17.125755	-0.049141	2.099843	2.240589
sauce	11.192101	3.664342	10.053004	3.944999	3.600940	0.273425
say	11.410360	4.307484	10.480963	5.365576	1.436333	0.181792
scared	13.113850	3.912719	12.345738	3.548292	3.208911	0.610287
scarf	13.085492	5.984942	11.523971	6.106347	3.437868	0.377196
school	11.619758	2.109207	9.847974	2.838304	3.073575	0.285372
scissors	13.837719	3.866010	12.275922	4.400833	3.232736	0.398490
see	11.296303	2.012381	12.138620	2.804322	1.433038	0.477159
shake	12.202477	3.349063	17.202477	-1.650937	2.612917	2.563514
share	11.275821	5.229785	13.811542	3.109480	2.661055	2.104376
she	12.091217	2.207311	13.958252	2.698055	1.393695	0.643031
sheep	11.148894	3.995030	16.148894	2.364071	1.457802	2.121596
shh	11.418330	6.171836	12.005453	1.676491	4.434906	2.407506
shirt	12.031472	4.464083	11.447402	3.956758	2.684891	1.040824
shoe	12.204378	4.075219	14.669071	3.563181	1.933772	1.293098
shopping	12.721449	4.322446	11.535163	5.169409	3.149986	0.338849
shorts	12.438556	6.319463	11.099060	6.843665	3.411430	0.397819
shoulder	13.455661	3.741682	12.201021	3.811539	3.437845	0.471339
shovel	12.212541	4.579139	11.372041	4.700515	3.608454	0.495997
show	12.018943	4.684772	11.944690	4.941296	2.065853	1.015157
shower	11.509461	4.251259	11.253318	4.493297	3.208974	0.554044
sick	11.572246	3.773586	10.614345	3.817335	3.480538	0.385223
sidewalk	12.552235	5.959751	11.517580	6.421580	3.242966	0.414828
sing	11.193563	3.999182	10.522709	3.824515	2.883669	0.721477
sink	12.814102	4.488950	11.541320	4.556541	3.126547	0.595478
sister	11.513202	4.824458	16.211620	-0.175542	2.651536	2.921422
sit	12.134325	4.057011	15.720087	4.231318	1.060868	1.012508
skate	14.910790	6.808105	12.630812	7.191396	3.793670	0.229318
sky	12.668121	2.576969	11.312441	2.893511	2.992952	0.451107
sled	14.432339	4.422575	12.564475	4.719603	3.698193	0.308265
sleep	11.077313	3.514841	11.093022	3.977066	2.595164	0.506895
sleepy	11.303384	4.662383	10.579380	-0.337617	4.880290	1.372349
slide	13.748463	4.359248	12.255500	5.151638	2.822833	0.330382
slipper	13.485850	4.836160	12.032272	5.284104	3.381681	0.453537
slow	11.434495	5.758452	10.512763	6.331638	3.796812	0.226736
smile	11.675575	5.352007	10.533879	5.615361	3.754004	0.227318
snack	12.356651	4.245214	11.355919	3.998011	3.544806	0.544742
snow	13.368984	4.926605	11.466165	5.328072	3.050135	0.363083
so	11.766803	3.573853	10.942893	4.941864	1.446969	0.227543
soap	13.365350	4.915642	12.265400	4.895871	3.237722	0.545153
sock	11.703317	4.354179	11.636149	3.830456	3.073571	0.967051
soda	13.476135	4.643315	12.110538	5.113471	3.685001	0.401707
sofa	13.683323	4.240570	12.268144	5.011306	3.019801	0.288609
soft	11.802188	4.530402	12.538316	-0.469598	4.199049	1.986061
some	11.895576	2.648870	12.293014	3.145961	1.666690	0.450884
soup	11.322555	4.191832	10.965450	3.000413	3.392035	0.792171
spill	13.391717	4.594929	12.133381	5.385509	3.054890	0.289927
splash	11.657059	2.522044	10.548711	2.130643	3.682620	0.523575
spoon	11.559784	2.903762	16.559784	1.488083	1.171162	1.948620
sprinkler	13.809378	7.400965	11.646202	7.831601	3.939282	0.379399
squirrel	11.888971	5.346972	11.688753	4.946541	3.343845	0.776069
stairs	12.707386	3.742209	11.549109	3.867997	3.063007	0.547656
stand	12.103312	5.487818	12.712626	5.943823	1.691815	0.810109
star	12.102581	3.224162	11.936799	3.180683	2.848023	0.733150
stay	11.418483	4.962302	13.449830	4.573682	1.667264	1.312999
stick	12.990254	5.464135	15.115493	4.553243	2.031399	1.465446
sticky	12.120032	3.827126	10.221571	4.521875	3.525605	0.290602
stone	14.132243	4.214782	12.236747	4.595289	3.615557	0.288111
stop	11.246991	4.423247	13.814766	2.417916	2.511455	1.660876
store	11.821963	2.558604	10.394331	3.007598	3.108546	0.362145
story	11.428725	2.829970	11.020375	2.675773	2.898111	0.586828
stove	13.531715	3.541340	12.430033	4.093539	3.103475	0.406118
strawberry	11.783047	4.467787	11.926817	2.829677	3.263931	1.274724
street	11.849774	3.297590	11.144766	3.009142	3.297588	0.634034
stroller	12.778871	4.248187	11.401763	4.275787	3.662676	0.790755
stuck	11.690376	3.655493	11.976433	4.559094	2.512897	0.760194
sun	12.106924	3.109176	12.356516	2.915134	2.734553	0.773144
sweater	12.983775	3.991444	11.713892	3.903997	3.397263	0.463423
sweep	13.915916	6.266135	12.246904	6.425552	3.509286	0.450086
swim	11.685151	4.114197	10.282513	4.315369	3.552512	0.340022
swing	12.040336	4.770215	11.055289	4.835138	3.296372	0.654430
table	11.296524	2.954982	10.922391	3.195361	2.722390	0.520098
take	11.427274	4.015593	11.731374	4.677129	1.613154	0.385816
talk	11.554557	4.590896	12.094098	4.573090	2.206292	0.982799
tape	11.247208	4.084281	11.141414	5.126793	2.696148	0.447720
taste	11.153231	3.850196	9.467842	4.131159	3.438948	0.177170
teacher	12.442429	4.286685	11.207103	5.021855	3.413633	0.421438
tear	11.730554	5.229768	11.816541	3.902086	3.701891	0.957179
telephone	11.812356	4.479440	12.487844	4.566733	2.329749	0.842941
thank	11.586167	4.554982	11.545685	5.208638	1.641005	0.287411
that	11.324659	2.064408	11.292739	2.559519	1.313089	0.282130
the	11.569011	1.780836	11.872010	2.290931	1.274332	0.278063
their	11.437799	4.565237	12.350938	4.201994	2.227537	1.065596
them	11.524456	2.262995	12.438292	2.670117	1.585374	0.555871
then	11.749493	2.828870	11.334019	3.332783	1.698116	0.506815
there	10.876702	3.060490	10.841734	3.799642	1.449597	0.291248
these	11.139277	4.168746	11.461418	4.749198	1.555348	0.357076
they	11.359147	3.092916	12.350289	3.506263	1.575040	0.577017
think	11.312512	2.232375	11.064696	2.888799	1.475908	0.363620
thirsty	11.152310	4.010992	10.680261	2.572701	3.886718	0.866985
this	11.967300	2.397579	11.163292	2.958400	1.485998	0.398992
those	12.462157	4.261033	11.996385	5.014708	1.549353	0.268642
throw	11.168017	3.376018	12.392829	3.237389	2.335836	1.089272
tickle	11.943433	3.142438	12.746947	2.885654	2.234237	0.985117
tiger	13.012867	3.178184	11.968450	4.247596	2.908216	0.321936
time	10.837113	1.853597	13.247646	1.115263	2.036034	1.167276
tiny	12.041265	5.764883	11.807945	6.296980	2.473886	0.413482
tired	11.181708	3.990923	11.027907	3.514471	2.961969	0.762403
tissue	12.421430	3.597608	11.911063	3.304588	3.058274	0.685127
to	11.345568	2.125300	11.645250	2.750511	1.473802	0.443725
toast	11.531721	4.361144	10.550172	4.349316	3.165576	0.578830
today	10.904587	5.223110	12.787683	5.506414	1.498256	0.935859
tomorrow	11.392782	4.518987	10.220293	5.002058	3.343101	0.234471
tongue	11.677994	4.232331	11.797111	3.589189	2.980024	0.868756
tonight	11.116340	5.542143	10.124252	6.495534	3.511925	0.249348
too	11.356949	4.307808	13.547775	4.936042	1.180742	0.783858
tooth	11.532487	5.625411	10.733630	4.506322	4.040053	0.697379
toothbrush	12.141976	4.865940	10.678014	4.845263	3.797136	0.408233
touch	11.481077	3.387057	16.481077	2.435167	1.352470	1.779538
towel	12.142598	4.093822	12.169713	3.527576	3.018879	0.836840
tractor	13.950857	4.379638	12.143888	5.625497	2.777241	0.214288
train	12.029566	4.138913	10.995570	5.149827	2.636209	0.177095
trash	12.905542	4.074040	12.057746	3.615243	3.481317	0.785214
tray	11.960771	4.931081	11.853700	3.408314	3.546309	0.992989
tree	11.303369	3.717379	10.959897	4.427278	2.736370	0.409586
truck	11.607992	2.984187	11.311529	3.579182	2.705689	0.420547
try	11.427672	3.929085	11.878475	4.919428	1.640332	0.432571
tummy	11.378464	4.257842	10.942237	4.874014	2.699296	0.718849
tuna	14.562664	5.459496	12.663386	6.361290	3.437051	0.341407
turkey	11.902839	5.152262	11.125440	4.582578	3.591547	0.691100
turn	11.704888	4.256444	15.980667	4.875818	0.856265	1.060861
turtle	12.750657	3.356099	11.554849	2.875963	3.375143	0.638247
tv	11.704359	2.785615	11.258500	3.171839	3.389992	0.455399
uh	11.065767	3.933479	10.379133	5.332508	1.526014	0.151332
uncle	13.492444	6.103826	12.107950	6.966108	3.373985	0.320302
under	12.700681	4.234472	12.644583	-0.765528	3.918653	2.436864
up	11.678807	2.640890	12.521776	3.219380	1.492426	0.528802
us	10.930033	3.737651	11.267660	3.413877	2.593412	0.866492
vacuum	12.835390	5.860696	11.066845	6.207198	3.764556	0.489399
vanilla	11.508637	6.193030	10.378497	6.702462	3.634050	0.091296
wait	11.253525	4.911193	11.311991	5.893549	2.035192	0.710202
wake	11.567149	3.764445	10.704327	4.113753	3.379952	0.455354
walk	11.932387	4.334705	14.376174	2.955434	2.209187	1.547939
walker	13.859776	5.584367	11.915573	6.755545	4.023206	0.246449
wanna	11.478759	2.713015	11.540092	3.637098	1.434323	0.223533
was	11.423318	2.049190	12.076819	2.195140	1.831867	0.654579
wash	11.260533	3.130658	11.190079	2.781573	3.041295	0.780765
washing	13.459982	4.767262	11.825069	5.088025	3.132234	0.412042
watch	11.730287	5.402414	16.730287	5.195409	-0.267501	2.006343
water	11.716132	3.315707	12.356550	2.990577	2.166677	0.941636
we	11.211174	2.916221	10.992669	3.671871	1.470338	0.272172
were	11.951315	3.600242	13.342446	3.720308	1.714532	0.832737
wet	11.359483	4.179308	10.805338	4.064551	3.071244	0.638756
what	11.648180	2.653213	11.187685	3.261111	1.285714	0.288688
when	11.404235	4.959280	13.976284	5.266224	1.175600	0.789562
where	11.092916	3.552258	10.724085	4.316685	1.545221	0.308395
which	11.332235	5.300704	14.199377	5.656201	0.959535	1.039174
white	11.606898	3.760490	11.566470	2.864336	2.959201	0.912268
who	11.653223	2.660078	12.070211	2.813058	1.796495	0.808127
why	11.835803	4.433672	12.332863	5.074185	1.458560	0.685521
will	11.519231	4.776596	12.732628	4.959870	1.349568	0.961829
wind	12.319328	5.327365	11.497700	5.851652	3.042572	0.567704
window	12.677765	2.749766	11.867243	3.094719	2.711129	0.518857
windy	13.579726	5.825612	11.978857	6.294162	3.305065	0.277780
wipe	11.899240	4.710709	11.907239	4.782444	2.860053	0.791263
wish	12.023250	6.276868	11.834523	5.874696	2.679811	1.026821
with	11.428486	1.942198	11.222735	2.511288	1.537320	0.277072
wolf	13.480418	2.944079	11.676985	3.308519	3.408488	0.338690
woods	12.678383	5.971474	11.343095	6.312851	3.122129	0.288093
woof	11.455178	2.776314	12.011261	2.542524	2.513261	0.927018
work	11.259336	4.121810	11.182282	3.922343	2.636024	0.735937
would	11.291711	4.639889	13.199292	4.959028	1.311893	0.716353
write	11.266732	3.700519	10.848287	4.074239	3.133034	0.430739
yard	11.714848	4.646264	10.990350	4.542871	3.506691	0.494800
yellow	11.357872	4.234498	15.108530	3.886344	1.152447	1.490761
yes	12.083183	4.463767	11.149437	5.553011	1.596495	0.159208
yesterday	12.160588	4.189791	11.469413	4.805735	3.009459	0.553300
yogurt	12.542979	5.214462	11.080519	5.634025	3.231020	0.624872
you	11.433897	1.971723	10.541751	2.473097	1.014231	0.133549
your	11.757174	3.014022	11.332109	3.644491	1.385217	0.298981
yourself	11.505892	3.415777	12.265688	1.855633	2.645660	1.317793
yum	11.965668	2.808526	13.095503	2.856075	1.821840	0.771708
zebra	11.523054	4.841601	16.523054	3.778223	1.135552	2.267289
zipper	12.360918	4.901124	12.954973	-0.098876	4.490081	1.686373
zoo	12.052695	2.557845	14.688921	0.541963	2.441569	1.400683
