Token	MaxSurprisal	MinSurprisal	ParamUpper	ParamLower	ParamXmid	ParamScale
a	11.160103	2.148603	11.061063	2.677855	1.385801	0.300124
about	10.825104	2.827734	13.717687	2.766616	1.398330	1.022553
above	12.659210	5.571900	11.325652	6.235092	3.431738	0.237555
after	11.570850	6.205288	12.622035	6.369788	1.600788	1.066116
airplane	11.897639	4.794673	12.099594	3.465080	3.123527	1.011099
all	11.493764	4.083990	11.449817	5.148010	1.479296	0.264421
alligator	12.376858	5.163697	10.661679	5.412133	3.487057	0.317995
am	12.392893	5.397296	11.826156	5.840392	2.148024	0.512468
and	12.156353	3.133855	11.609231	3.792706	1.354011	0.251312
animal	12.332102	5.546352	17.332102	3.864415	1.127203	1.993679
ankle	13.698694	7.664294	11.955918	8.631144	3.571649	0.230502
another	11.000346	4.210787	11.896497	4.500775	1.694114	0.626553
any	10.963697	3.097180	15.963697	0.598613	1.585185	1.996593
apple	11.642366	4.054390	15.315575	2.671139	1.778320	1.653274
are	11.559715	2.598976	11.460738	3.250726	1.599354	0.365706
arm	12.451965	4.478502	12.789524	4.243099	2.565977	0.753539
around	10.889180	3.799612	15.889180	1.929975	1.364451	2.036635
asleep	11.881820	4.084918	11.347343	3.717903	3.217700	0.544058
at	11.522569	0.959713	12.406166	1.695332	1.493344	0.561402
aunt	12.531496	8.039262	11.242514	8.743472	3.325883	0.101146
awake	12.790272	4.658727	11.574855	4.262149	3.544997	0.538066
away	12.552853	2.719198	14.438858	2.307474	1.914617	0.941804
baby	10.266833	2.552733	15.266833	2.605091	0.685466	1.434417
babysitter	12.990969	6.395280	11.758887	6.942270	3.641811	0.310193
back	11.960828	3.573426	14.003864	4.393140	1.299018	0.672225
backyard	12.096053	5.333108	11.093443	5.384433	3.462791	0.370560
bad	12.580488	4.952413	13.406770	3.557922	2.645746	1.210262
ball	12.033963	1.844451	17.033963	0.457923	1.349930	1.552076
balloon	11.714681	5.116574	11.975165	4.844367	2.598890	0.807750
banana	11.728228	5.195731	16.728228	0.195731	2.540405	2.630472
basement	12.820568	5.947466	12.446722	3.617686	3.829237	0.965933
basket	11.366686	3.229957	12.562095	-1.770043	3.687113	1.486917
bat	12.021331	5.469924	11.253328	5.445507	3.297578	0.493946
bath	10.886740	3.146224	11.586709	1.563287	2.937004	0.996281
bathroom	11.951694	5.037397	12.106624	5.153880	2.793000	0.723709
bathtub	13.376313	6.365475	11.725136	6.091521	3.368262	0.586218
be	12.514049	2.908805	12.596250	3.533773	1.673908	0.363590
beach	12.494058	3.639385	11.543447	3.496703	3.032603	0.521726
beads	11.965960	5.734726	11.956810	2.524148	4.085380	1.065532
beans	12.159352	4.477569	10.809387	4.608749	3.285454	0.370739
bear	12.011354	3.037315	14.375957	1.100454	2.330650	1.337939
because	10.820340	4.782039	11.908659	5.258340	1.546396	0.703387
bed	12.282357	4.292181	12.699125	3.841004	2.283904	0.941489
bedroom	13.377951	4.265158	12.198647	4.667220	2.942702	0.438567
bee	11.751825	4.464754	15.069612	-0.535246	3.040534	2.436533
before	11.365365	5.014592	14.247420	0.014592	3.258858	2.806278
behind	10.760604	3.266587	8.969179	3.573176	3.626277	0.196296
belly	11.340767	4.890754	14.402782	-0.109246	3.367536	2.561897
belt	13.832260	5.843918	12.251699	5.778781	3.282012	0.459747
bench	13.999018	5.787184	12.339864	5.597549	3.490390	0.416758
beside	12.846508	7.448848	11.197616	7.845528	3.738217	0.274181
better	11.553531	5.175501	12.322627	4.778542	1.788349	1.154043
bib	11.037993	5.179267	13.434199	0.179267	4.114343	2.717833
bicycle	13.350823	3.879425	11.626752	3.932118	3.279635	0.466392
big	10.865787	4.695902	10.774439	5.494832	1.521898	0.232577
bird	12.104228	4.098382	15.977741	1.883796	1.996999	1.887532
bite	11.911829	4.402446	15.011565	-0.597554	3.099927	2.222400
black	12.314326	3.868362	12.761439	1.780328	2.956495	1.149623
blanket	11.830633	4.972360	12.285214	4.750801	2.698792	0.933455
block	12.388885	3.670676	12.375655	-1.329324	3.899874	1.400042
blow	11.376807	5.994228	11.101749	5.789403	2.881961	0.709832
blue	11.561299	4.368416	11.916301	4.502901	1.979972	0.716085
boat	12.324450	4.480360	12.240900	5.702284	2.287436	0.401415
book	11.502838	3.023210	12.952000	4.199240	1.323368	0.640359
boots	12.573473	4.815002	11.024821	4.909711	3.274987	0.372907
bottle	11.797530	4.133142	16.797530	4.103944	0.899877	1.385690
bowl	11.798527	4.488548	12.603709	4.172372	2.358400	1.007032
box	10.707085	2.579305	11.872414	1.208549	2.575159	1.207244
boy	11.567659	2.961288	12.330654	3.734504	1.870902	0.584167
bread	11.121516	4.728338	13.538234	-0.271662	3.347620	2.679224
break	12.002064	4.070163	11.540676	3.895224	2.724941	0.672248
breakfast	11.418721	4.062558	12.098959	3.607400	2.650078	0.902179
bring	11.481026	5.079564	12.443720	5.037563	1.878632	0.978526
broken	12.489860	4.736087	11.533304	6.191194	2.635286	0.432171
broom	12.682299	6.590017	11.076847	6.330819	3.672621	0.322567
brother	11.635072	3.927306	10.869524	4.167239	3.192343	0.574351
brown	11.834064	4.569689	11.422336	1.701192	3.607434	1.131218
brush	12.139244	4.375670	12.266233	3.482804	3.071976	0.901816
bubbles	11.736792	5.364578	12.499988	0.364578	4.282110	1.568409
bucket	11.904320	6.341825	13.269519	6.459827	1.680629	1.202900
bug	12.487712	5.379741	13.194688	2.759314	3.309957	1.250947
build	11.637248	4.743212	12.587158	4.801587	2.141965	0.907089
bump	10.864947	4.733989	9.927570	4.899438	3.496491	0.314030
bunny	11.577065	4.535171	16.577065	-0.306973	2.444764	2.923401
bus	10.843551	2.500464	10.502966	1.515408	3.110855	0.672473
but	11.656909	4.228829	12.213666	4.745867	1.428591	0.573196
butter	12.939392	3.718259	11.942636	1.176650	3.416250	0.858641
butterfly	12.003683	5.547403	15.474839	2.607119	2.341430	1.918692
button	11.651950	3.902747	12.383521	2.003040	3.390761	1.326233
buy	13.043031	3.901116	12.648927	4.623532	2.624458	0.362602
by	11.354802	4.896934	12.956661	4.778640	1.895289	1.177297
bye	11.116574	2.728310	10.648346	2.811429	2.561583	0.520652
cake	13.242209	3.296048	13.099545	1.956369	2.792520	0.919061
call	11.966624	4.671983	12.862190	3.771205	2.383907	1.105933
camera	11.734223	4.478639	15.575015	-0.521361	3.060461	2.651323
camping	15.832170	6.621839	13.256844	7.370288	3.513117	0.177456
can	10.580341	2.941819	10.143012	3.705640	1.366406	0.380519
candy	12.863421	5.298174	11.968447	5.548427	3.193333	0.464900
car	10.914221	3.308341	11.008794	3.705704	2.151521	0.605445
careful	11.222056	3.442459	11.666689	3.175067	2.330400	0.806323
carrots	11.513044	5.451086	10.254439	5.650186	3.525520	0.290413
carry	11.784362	4.628700	11.766733	4.218115	2.957466	0.880920
cat	11.288339	4.103288	11.711160	3.829854	2.430344	0.796638
catch	11.903847	4.290720	11.912394	1.517916	3.592466	1.060521
cereal	11.338418	5.684194	11.706350	3.460666	3.612933	1.408104
chair	11.695244	3.528840	14.206656	1.862155	2.219932	1.410140
chalk	13.269140	6.008013	11.655891	6.112043	3.526286	0.396571
chase	11.376860	7.157025	10.636832	7.777745	3.497682	0.249046
cheek	13.730769	7.489020	12.166083	8.456908	2.664256	0.408981
cheese	11.939966	4.128808	15.838400	-0.871192	2.557517	2.398752
chicken	11.585681	3.861327	13.495854	-1.138673	3.523351	1.967930
child	11.840790	6.425039	11.152420	5.967693	3.449836	0.826223
chin	11.479834	5.526499	10.029981	5.723689	3.566744	0.209307
chocolate	12.956206	4.830410	11.839745	5.618626	2.765402	0.307600
choo	11.661722	3.292023	12.342204	0.762553	3.265666	1.162651
church	12.415873	6.003979	11.402660	6.565398	3.164881	0.234011
circus	11.600630	5.145052	10.727830	5.341935	3.421034	0.402076
clap	11.340099	4.831197	9.579975	5.240911	3.643443	0.119416
clean	10.903919	4.269775	11.721666	-0.730225	4.090033	1.809389
climb	11.346339	5.486655	11.192487	5.341779	2.896017	0.749722
clock	12.150990	4.285935	17.150990	-0.714065	2.438364	2.711367
close	11.072265	4.106988	11.880063	-0.893012	4.215692	1.911668
closet	11.886381	4.614274	11.463835	3.685625	3.376207	0.654493
cloud	11.904383	5.111628	10.978698	4.921362	3.613870	0.331871
clown	11.609367	3.509663	11.013123	-0.771086	3.976090	0.927821
coat	11.713558	4.664820	11.790366	4.529470	2.891314	0.847663
coffee	12.224924	3.398623	11.189206	3.318485	3.071469	0.520773
coke	14.350352	5.916341	12.144277	6.707817	3.407776	0.243299
cold	12.587631	4.427590	13.437675	4.363196	2.341348	0.799608
comb	11.460851	5.765577	11.050677	4.800220	3.672988	0.728976
cook	12.268632	4.668980	12.021251	3.967298	3.091015	0.751179
cookie	12.155085	4.070764	17.155085	-0.330349	2.221613	2.378190
corn	11.525823	5.855129	10.959808	5.838581	3.291723	0.477045
couch	12.645135	3.784199	13.272710	0.046769	3.566998	1.244160
could	10.979737	4.212372	12.976348	4.374718	1.371654	0.962468
country	13.038321	6.167477	11.704389	7.098453	3.234396	0.272029
cover	11.716729	7.302463	10.519875	7.537941	3.300220	0.493533
cow	12.015975	3.328265	17.015975	-0.030833	1.945415	2.185026
cowboy	13.763698	5.989622	11.720879	6.928223	3.350223	0.246200
cracker	12.255360	5.272799	11.596884	2.381045	3.863704	0.987450
crayon	13.530445	5.442957	11.797046	5.990148	3.177978	0.548058
crib	11.681175	5.172463	11.476327	0.172463	4.403567	1.046933
cry	11.365267	4.613113	11.205580	3.358486	3.271270	0.771333
cup	11.159822	4.389038	16.159822	1.653560	1.586649	2.498932
cut	11.147106	4.701083	11.589651	1.820467	3.514037	1.207006
cute	11.275720	5.072415	11.546186	0.072415	4.367948	1.614360
daddy	11.557981	4.443206	13.158800	4.657358	1.822059	1.083997
dance	12.882698	3.947536	14.056652	-1.052464	3.733948	1.681929
dark	13.817173	3.357984	12.142044	3.344331	3.184733	0.464988
day	11.707761	3.337393	15.323245	1.490909	1.946140	1.611085
deer	12.152996	5.324297	10.709913	5.429243	3.560651	0.232773
diaper	11.636637	4.088312	13.901104	-0.911688	3.875664	2.285136
did	11.914681	3.777507	11.522852	4.543782	1.582052	0.311468
dinner	12.050802	4.052693	12.179828	3.334702	2.821791	1.036315
dirty	10.814368	5.610447	11.171419	3.116021	3.618032	1.443604
dish	12.574100	6.225588	14.631199	4.462855	2.263533	1.843742
do	11.297863	2.711176	12.130383	3.302947	1.245656	0.452871
doctor	11.807028	4.536725	11.298095	3.788387	3.157104	0.698480
does	11.166711	3.945576	11.427499	4.840104	1.553935	0.432344
dog	10.887394	4.088476	14.286975	4.043719	1.304802	1.243689
doll	12.234012	4.242499	17.234012	-0.188392	2.253355	2.478245
donkey	12.156853	5.836363	15.778537	0.836363	2.968282	2.682478
donut	13.748702	5.515890	11.600136	6.044196	3.440539	0.312021
door	12.827628	2.548492	14.537556	1.819488	2.062268	0.982496
down	11.693180	2.637210	13.816212	2.785391	1.598587	0.821471
downtown	13.842404	8.015324	12.181934	8.863866	3.814264	0.113906
draw	13.110601	3.343694	11.436548	4.030584	2.756402	0.362425
drawer	12.425168	4.497889	12.317429	1.113372	3.798515	1.005588
dress	12.088905	5.508247	12.397228	4.782847	2.746928	0.946318
drink	11.001251	3.722912	13.567744	1.103254	2.512911	1.570523
drive	12.060671	3.960672	12.445416	0.868175	3.395112	1.173869
drop	11.249552	5.265985	10.732475	2.992824	3.963943	1.049088
dry	11.822943	5.563108	12.339886	0.563108	4.036188	1.548524
dryer	13.287193	8.681372	11.827312	8.986208	3.570435	0.293501
duck	11.502956	4.315270	16.502956	2.291821	1.336028	2.027387
dump	11.130612	5.958105	9.904411	6.111926	3.611437	0.291074
each	11.197623	5.913754	10.185365	6.568215	3.106438	0.444254
ear	11.711707	4.611637	11.201989	3.405574	3.283458	0.937648
eat	11.728440	3.199350	14.303408	3.501931	1.246729	0.868898
egg	11.637130	4.377020	11.513483	4.701881	2.583890	0.558982
elephant	12.148522	4.380990	12.245789	4.133114	2.450603	0.697438
empty	11.231795	5.490482	10.514771	3.978043	3.751298	0.753278
every	12.104640	6.992312	11.899650	7.974307	2.156342	0.653977
eye	11.567876	5.176551	13.409189	0.176551	3.586170	2.265480
face	11.738896	4.153399	16.738896	-0.455750	2.057452	2.593898
fall	11.931055	4.055442	15.206748	1.508902	2.144376	1.839996
farm	11.800114	3.759737	13.063383	-1.240263	3.677726	1.737436
fast	11.161147	3.780122	10.494851	3.096157	3.246312	0.526166
feed	11.596536	5.387671	16.493267	0.387671	2.343025	3.545225
find	12.206018	2.990718	14.140410	3.064784	1.746370	0.867382
fine	11.505955	4.762638	12.727917	-0.237362	3.964612	1.953519
finger	11.885137	4.096267	11.929031	4.004714	2.517164	0.692519
finish	11.703768	5.724014	12.062313	5.983154	2.214592	0.815425
first	11.163656	4.747466	16.163656	2.290376	1.538474	2.264232
fish	11.347676	4.133861	11.217168	4.513422	2.586225	0.614839
fit	12.301978	3.136373	13.143910	1.375451	2.795252	1.113576
fix	12.003336	3.753191	12.299383	4.356460	2.507131	0.746665
flag	13.719750	5.783405	12.012683	6.270791	3.188188	0.415823
flower	11.600140	5.293775	12.146574	5.371264	2.619790	0.886733
food	11.840906	4.271734	16.840906	4.396453	0.732101	1.305335
foot	11.831711	2.763373	14.309278	-2.236627	3.166401	1.734370
for	11.518213	3.681906	11.514788	4.368744	1.559109	0.331939
fork	11.075672	3.805713	10.501272	3.596072	3.351240	0.470814
french	12.683117	6.994766	11.198658	7.538735	3.454122	0.285834
friend	12.230351	3.121318	11.354891	2.767342	2.886972	0.656922
frog	11.596334	4.463696	11.880855	-0.536304	3.942092	1.771922
full	12.574732	5.819517	13.681673	1.562417	3.518889	1.723361
game	11.052662	3.502844	10.522895	2.985136	3.403525	0.620586
garage	12.860672	4.047088	11.490161	4.648964	2.851068	0.360199
garbage	12.223109	3.524479	11.696709	2.684146	3.315529	0.601822
garden	12.458770	3.436119	12.210846	4.115799	2.616198	0.481702
gas	12.199200	5.702220	11.614780	5.458092	3.441100	0.505705
gentle	11.256303	5.422116	12.707688	0.422116	4.107582	2.085364
get	10.981628	3.146940	10.806563	4.173488	1.493382	0.219550
giraffe	11.777992	4.546962	11.877061	3.997811	2.981619	0.699257
girl	11.109148	2.378599	11.263069	2.548082	2.155929	0.587224
give	11.195638	3.396638	14.408055	3.675102	1.174184	0.979934
glass	11.860382	5.605490	11.137882	5.904121	3.021901	0.582805
glasses	11.951839	4.157572	12.067825	1.564076	3.514067	0.971727
gloves	12.316377	5.330018	11.004128	6.201132	3.629958	0.209221
glue	12.057905	4.965651	10.698408	5.717226	3.443450	0.327831
go	10.558423	1.531024	12.881577	2.072316	1.422122	0.701721
good	10.428336	3.286254	12.237211	3.890918	1.293124	0.697615
goose	11.133427	5.442613	9.584966	5.871249	3.625670	0.143556
grandma	11.619911	5.528094	11.263748	2.841456	3.978713	1.035138
grandpa	11.849773	4.565402	10.963755	4.705916	3.455857	0.256804
grapes	14.426601	4.358878	12.374432	4.730516	3.104296	0.422636
grass	11.689113	3.765819	11.168944	2.669865	3.240226	0.654523
green	11.617860	3.870097	12.874450	3.672831	2.020844	0.902173
gum	11.737240	4.433704	11.127659	4.632453	3.464027	0.333246
hair	11.365877	3.226332	14.583930	2.180391	1.749111	1.338031
hamburger	12.273444	6.675008	11.619160	1.675008	5.249974	2.154116
hammer	11.892742	3.540829	11.385034	0.599381	3.876730	0.839330
hand	11.241149	3.713106	12.913432	3.778051	1.663606	0.981334
happy	11.864242	3.638217	13.350679	0.399432	3.059437	1.400827
hard	11.439719	4.780800	16.439719	2.896603	1.296548	1.923723
hat	11.854464	3.703077	16.854464	1.929462	1.351419	1.669815
hate	12.745770	5.645818	11.428488	6.951530	3.115556	0.194760
have	9.910196	2.230252	11.539208	2.758329	1.280900	0.640563
he	11.494176	2.375185	12.460753	3.141186	1.507579	0.487801
head	11.244275	3.263523	12.241689	3.258819	1.871548	0.745508
hear	11.328193	3.813081	11.608092	4.892185	1.791918	0.637875
heavy	11.564289	4.392094	10.855168	2.770609	3.417303	0.815591
helicopter	11.955002	4.492368	11.502431	3.985314	3.314302	0.671675
hello	11.258899	3.997491	13.721326	4.247170	1.326884	0.985080
help	12.337873	4.190307	14.056004	4.604425	1.748164	0.786066
her	11.664293	2.303810	13.311394	2.517808	1.626739	0.757120
here	10.807130	3.693832	10.545732	4.432338	1.364094	0.201254
hi	11.957992	5.006352	11.031799	6.539552	1.502045	0.109543
hide	12.111914	4.393046	11.927550	2.825648	3.418293	0.777143
high	11.146217	5.453961	12.428929	0.453961	4.007837	2.091264
him	11.461444	2.593495	13.191863	2.955361	1.578287	0.743595
his	11.688272	4.451295	12.699247	4.961563	1.246963	0.574180
hit	11.838727	5.983037	14.955702	1.292552	2.986563	2.581392
hold	11.945770	5.393660	12.091731	6.385693	1.520255	0.325118
home	12.054809	0.792876	16.091333	0.126222	1.583947	1.065162
horse	11.561093	4.027401	14.475508	1.077863	2.489423	1.804260
hose	12.975520	4.987221	12.767127	3.293893	3.498053	0.768321
hot	13.062084	4.244346	11.928824	5.780904	2.181137	0.098571
house	10.389062	2.682339	11.594724	0.989793	2.665599	1.186655
how	11.759284	4.497194	11.639165	5.338420	1.554223	0.248615
hug	11.573659	4.143913	13.123795	-0.856087	3.616613	1.768565
hungry	11.894305	3.888808	13.010600	0.703877	3.064345	1.604765
hurry	11.737926	6.983716	10.986637	6.663375	3.463002	0.549090
hurt	11.157302	4.006011	12.206217	1.138824	3.244886	1.384593
i	11.572531	4.774684	10.523303	4.955302	3.144491	0.381988
ice	12.072476	4.813497	17.072476	4.245579	0.921169	1.502090
if	12.071428	3.669501	12.174346	4.659801	1.538801	0.547427
inside	11.114504	5.012056	13.987332	0.012056	3.322415	2.446149
into	11.425729	5.390196	13.218783	5.756890	1.346696	0.839300
is	11.690355	2.700085	11.750617	3.435608	1.312051	0.313304
it	10.732055	2.255667	10.736662	2.650634	1.423519	0.264378
jacket	11.507110	4.177119	10.581925	4.672916	3.401947	0.402403
jar	12.339178	5.783024	13.291063	0.783024	4.146991	1.859367
jeans	12.764659	6.314232	10.934425	7.488735	3.711154	0.130541
jelly	12.609937	4.922402	11.475681	5.963631	3.147133	0.377772
juice	11.601878	2.716762	16.601878	-2.283238	2.314280	2.356972
jump	11.248127	3.407097	10.366054	2.166238	3.461911	0.637636
keys	11.158734	5.408856	9.689947	0.408856	5.044496	0.966215
kick	11.583732	6.255276	11.671012	4.924173	3.312809	1.102046
kiss	10.764404	2.479083	11.698163	-2.520917	3.762661	1.502143
kitchen	11.713140	3.556354	12.135196	3.313483	2.411139	0.802431
kitty	11.333308	3.591698	13.550381	1.864150	2.474475	1.484079
knee	12.289926	3.394511	12.355359	2.001328	3.277835	0.818553
knife	13.323244	4.727573	11.652317	5.191772	3.049931	0.335623
knock	11.490345	4.608437	11.593985	-0.391563	4.361815	1.561432
ladder	13.259206	5.058376	11.817494	5.803504	2.826492	0.333135
lady	12.134329	5.056449	12.137479	5.095820	2.485209	0.957893
lamb	10.365344	4.425212	9.023725	4.755428	3.763509	0.182646
lamp	12.087126	4.888304	11.298178	3.330691	3.946328	0.452850
last	10.988340	4.531212	12.682301	-0.468788	3.802697	2.179186
later	11.169224	3.694317	10.680544	1.030979	3.673449	0.887793
lawn	13.310132	6.571093	11.739238	6.523228	3.716275	0.450601
leg	12.680778	3.669541	12.929676	1.839919	3.053086	0.974183
lick	11.602278	5.361823	10.855647	5.548859	3.585757	0.341960
light	11.803395	3.921262	13.532269	0.505671	3.187046	1.515727
like	11.025392	1.861076	11.912911	2.483755	1.425657	0.524882
lion	11.967922	4.004396	12.274798	3.668717	2.582535	0.820050
lips	13.083234	5.720632	12.337327	5.469824	3.303776	0.518311
listen	12.207688	5.134068	12.973583	5.470356	2.056055	1.111438
little	12.284696	3.303905	11.816240	4.189837	1.456317	0.282286
living	11.752852	4.877810	11.271678	3.881733	3.385985	0.677420
lollipop	13.575035	3.908807	11.748337	3.993132	3.413359	0.283984
long	11.281272	3.867203	12.445993	3.417832	2.345446	0.987018
look	10.975288	3.100336	12.064948	3.742975	1.351167	0.558040
loud	11.237081	4.527510	10.575687	4.379713	3.404969	0.474180
love	11.882154	4.834533	12.495043	6.153559	1.213864	0.561015
lunch	10.688157	3.414501	10.548375	2.051051	3.267738	0.760531
mad	10.689282	6.284785	9.691312	6.868232	3.335952	0.183468
make	11.610626	4.380188	11.555645	5.143441	1.552224	0.315719
man	12.070056	4.391486	12.350745	5.204365	2.110517	0.546455
me	11.648031	1.693661	12.063713	2.211393	1.718390	0.487198
meat	12.032762	4.655618	10.430026	5.259801	3.428771	0.327247
medicine	13.390263	3.945328	11.971489	3.976668	3.160120	0.507266
milk	12.144708	3.556045	13.200225	2.934119	2.301332	0.991895
mine	11.196273	4.213934	10.961654	4.413813	2.730261	0.528655
mommy	11.659095	4.105165	16.659095	3.896608	0.967712	1.823828
money	12.470210	3.943242	12.309051	3.860378	2.804307	0.612376
monkey	10.824592	4.290875	12.112901	-0.709125	3.900311	1.729741
moo	11.915833	4.099632	12.938424	-0.900368	3.819741	2.043209
moon	11.534685	2.259389	11.663207	-2.740611	3.896901	1.228578
moose	12.818064	6.383098	11.135466	6.613527	3.586420	0.367363
mop	14.310068	7.811527	12.121987	7.840247	3.667751	0.256128
more	11.207379	3.712545	11.895296	4.616546	1.434390	0.442217
morning	12.232762	2.796621	12.151185	3.193779	2.382219	0.600812
motorcycle	11.918428	4.713408	11.950665	4.140216	3.443256	1.047731
mouse	12.215133	3.352046	13.931350	1.625312	2.739356	1.254299
mouth	11.080845	1.644703	14.348301	-0.733853	2.248240	1.358319
movie	13.549315	4.319700	12.153180	5.177527	3.231731	0.294028
much	11.169198	2.613773	12.146928	0.397377	2.680624	1.252230
muffin	14.034540	5.135594	12.332946	5.082115	3.532317	0.410306
my	11.344633	4.523952	12.007294	5.345944	1.365749	0.407931
myself	11.550992	4.249194	10.602399	4.684921	3.123148	0.314487
nail	13.637757	7.081971	12.456419	6.882944	3.244643	0.528718
nap	11.472268	3.212835	11.093992	0.219592	3.809559	0.930976
napkin	12.529962	5.857724	11.366147	5.920277	3.405738	0.348614
naughty	13.422700	4.541375	11.586889	5.545620	2.874727	0.314037
necklace	13.611871	6.075764	12.202452	5.606744	3.418298	0.527050
need	12.042893	4.297647	11.712293	5.040078	1.841055	0.340087
new	11.363958	5.385150	12.715890	5.791229	1.480516	0.728995
next	11.085360	5.562420	12.262366	5.468035	1.927022	1.009281
nice	11.341495	3.926645	14.172560	3.828630	1.179640	1.122154
night	11.034819	3.932663	13.816867	-1.067337	3.263341	2.188541
no	10.316498	3.185156	9.952454	3.645130	1.547793	0.183080
noisy	12.161953	6.146289	11.771125	5.537270	3.250073	0.839455
none	11.586167	6.815899	10.362393	6.788658	3.726872	0.380353
noodles	11.392135	5.996426	10.754940	6.038677	3.754769	0.208500
nose	11.912093	2.969077	16.051343	0.117010	1.947428	1.783841
not	11.839049	3.610490	12.053186	4.131269	1.506726	0.296641
now	12.118929	4.105949	12.267246	4.857173	1.594357	0.349303
nurse	12.197070	5.452611	11.217661	4.814728	3.522856	0.489449
nuts	14.862293	5.649378	12.650403	5.963868	3.293607	0.389252
of	11.986132	1.587424	12.867783	1.777002	1.619526	0.536704
off	10.873279	2.723724	13.242771	1.848411	1.933930	1.088793
old	10.992985	4.467493	11.955952	-0.532507	4.017678	1.808927
on	11.533513	2.825180	10.775506	3.701432	1.460887	0.246120
open	12.065050	4.398979	15.908822	4.189891	1.264896	1.199810
orange	10.938179	4.625046	15.938179	1.929183	1.435489	2.173846
other	11.053296	4.177413	11.284130	4.980294	1.477849	0.423081
ouch	11.629447	7.151857	11.810591	7.467123	1.946708	0.740048
our	11.782184	4.339064	15.737128	2.704299	1.534573	1.824401
out	11.610719	2.755992	16.213631	2.962000	1.002228	1.009803
outside	11.060380	5.038311	11.200840	5.475678	2.312928	0.659698
oven	12.052554	4.343403	13.023543	3.000449	2.757323	1.006822
over	11.520370	3.734254	12.299972	4.657975	1.450474	0.533512
owl	10.708083	4.757173	9.529492	5.161596	3.480132	0.262903
paint	12.553411	5.698980	11.956666	5.628039	3.139947	0.574088
pajamas	13.228148	3.868474	11.592912	4.640074	2.981534	0.445843
pancake	13.365376	6.987755	11.414355	7.440865	3.460148	0.301006
pants	11.602312	3.182740	12.940984	-1.817260	3.739756	1.714027
paper	11.895912	3.043903	12.446301	2.467253	2.597550	0.913491
park	11.701722	4.253431	10.643982	4.194849	3.003940	0.565563
party	12.481251	3.253515	11.548454	3.388681	3.026883	0.454254
peanut	11.986290	5.752407	13.709493	0.752407	3.912032	2.621869
peas	10.951354	4.258638	9.762360	-0.741362	4.584630	1.231245
pen	12.794601	5.169595	11.357678	5.783269	2.783848	0.455527
pencil	13.439305	3.687449	11.129081	4.106390	3.324692	0.335690
penguin	11.965994	5.580065	11.664503	5.841720	3.015339	0.581211
penis	13.678125	6.189729	11.591249	6.723848	3.649713	0.305515
penny	13.203241	4.400107	12.073703	3.813304	3.313303	0.541914
people	11.459927	3.994550	12.835112	3.722002	2.139243	1.085253
person	11.565699	4.563004	11.308083	3.959554	3.298047	0.644557
pick	11.766527	5.474329	12.196106	6.402432	1.442571	0.497311
pickle	14.028457	4.022243	12.036511	4.544907	3.371369	0.212059
picnic	12.071288	3.789850	11.517878	3.816981	3.094826	0.523184
picture	11.736730	2.752324	14.146889	1.231247	2.301357	1.218074
pig	11.324187	4.373956	15.654026	-0.626044	2.655007	2.402904
pillow	12.055645	5.478443	11.226586	4.802774	3.229531	0.765446
pizza	11.887978	4.377888	16.887978	2.858444	1.056776	2.217917
plant	12.407051	7.727495	11.797049	7.582935	3.117005	0.728279
plate	12.608227	3.707159	16.667519	0.492387	2.235211	1.743286
play	10.748195	3.563833	10.955373	4.333526	1.551368	0.364110
playground	14.534318	6.533581	12.608561	8.161405	3.284264	0.207829
please	11.619598	4.013979	13.572170	3.824643	1.676970	1.158788
police	14.310026	3.827548	12.466041	5.084267	3.049570	0.355838
pony	13.190178	6.114708	11.189889	6.160291	3.339784	0.415706
pool	12.381479	3.685719	11.219345	3.391738	3.311760	0.406452
poor	11.195486	6.127398	10.970304	6.659053	2.633429	0.650828
popcorn	14.516126	4.868309	12.310037	5.960186	3.355547	0.265483
popsicle	13.619043	7.704978	11.832533	7.549928	3.816447	0.412511
porch	12.332719	4.738068	11.045861	4.115592	3.751252	0.317994
potato	13.598461	4.726115	11.830705	5.369265	3.258580	0.314597
pour	12.174293	5.293174	11.478607	5.215272	3.076823	0.627846
present	12.903845	4.116523	11.730864	4.523232	2.971592	0.440216
pretend	11.068451	5.248164	13.624178	0.248164	3.502618	2.389332
pretty	10.581384	4.851694	15.581384	2.548314	1.170253	2.630444
pretzel	11.738919	5.914364	10.831805	6.405501	3.734638	0.225229
pudding	13.880914	6.038652	12.148201	6.204474	3.287598	0.344467
pull	12.498970	4.969392	14.292135	5.811703	1.390694	0.828444
pumpkin	11.520919	5.846083	11.385641	5.288495	3.244289	0.777144
puppy	11.792981	4.063779	11.809120	-0.936221	4.166563	1.645101
purse	11.135705	4.316811	10.650867	3.353719	3.908197	0.661443
push	12.023625	3.545175	17.023625	0.181622	1.973837	2.062479
put	11.936409	2.925394	11.613705	3.807277	1.590349	0.235036
puzzle	13.135026	4.133581	12.349373	4.018877	3.036034	0.655223
quack	10.995884	2.818357	12.027780	-2.181643	3.629650	1.429925
quiet	11.602360	5.171556	11.735007	0.945148	4.120698	1.321510
radio	12.295311	6.312428	11.575265	7.294082	2.816458	0.554044
rain	11.216053	4.045741	11.390314	-0.526028	4.016141	1.178534
raisin	13.851747	8.247399	12.271174	8.421881	3.351409	0.624501
read	12.027833	3.062406	12.557158	4.275582	1.600371	0.364048
red	11.455041	5.077395	11.618273	5.760918	1.572077	0.553132
refrigerator	11.465140	4.197047	11.422780	0.836871	3.934437	0.979060
ride	11.747775	4.618276	12.040754	5.130387	2.507929	0.662661
rip	11.625698	6.385983	10.538772	6.216006	3.575847	0.346936
rock	11.681610	5.811324	11.376931	4.551488	3.575566	0.785976
rocking	12.190887	5.459803	12.584610	0.459803	4.608555	1.602090
roof	12.629209	4.228326	11.055457	3.810511	3.370765	0.536882
room	11.583323	3.138524	12.703434	1.726834	2.496183	1.096419
rooster	12.544011	5.572742	10.157444	6.071680	3.781244	0.142073
run	11.362487	6.043439	11.079909	6.215154	2.699609	0.625971
sad	11.415574	4.782431	10.851771	4.542012	3.241983	0.510558
salt	13.954118	5.411568	11.924303	5.454351	3.311585	0.347782
same	11.703359	3.094915	12.843037	3.116072	2.126046	0.817485
sandwich	12.539898	4.435238	17.539898	-0.564762	2.253765	2.511891
sauce	11.513971	4.349278	10.292108	4.728830	3.463026	0.230192
say	11.252698	4.077649	10.508366	5.623206	1.417234	0.151331
scared	11.673287	4.352431	10.912815	4.109022	3.255471	0.438796
scarf	12.413173	5.921464	11.156928	5.851298	3.542614	0.411070
school	12.239865	2.215423	11.736564	2.599009	2.721739	0.468181
scissors	11.907587	4.424051	11.145956	3.213442	3.553942	0.627628
see	10.738209	2.037822	12.428223	2.806095	1.300733	0.570057
shake	11.783936	3.995562	10.743330	-1.004438	4.152444	0.927336
share	11.557390	5.764313	16.557390	0.764313	2.569353	3.203769
she	12.105242	2.203054	14.477822	2.630934	1.354564	0.701884
sheep	9.933310	4.068598	8.383334	4.865197	3.577707	0.143067
shh	12.003515	6.274787	17.003515	1.274787	2.340754	3.123192
shirt	11.619671	4.382341	13.472506	3.127613	2.437851	1.436396
shoe	12.206289	4.428914	15.653596	3.029467	1.821412	1.505996
shopping	12.839368	5.378251	12.228608	5.369788	2.829331	0.596368
shorts	11.957557	6.385255	11.511533	5.213525	3.659540	0.710656
shoulder	12.405913	4.322614	11.168480	4.758028	3.383254	0.294609
shovel	13.005899	5.929924	11.267689	5.559303	3.608665	0.396109
show	11.848617	5.617660	12.549021	6.343188	1.609403	0.509029
shower	11.618169	4.912575	11.629096	2.882723	3.471637	0.883179
sick	11.678303	4.459032	10.770432	4.266113	3.376047	0.447046
sidewalk	12.297661	6.465914	10.960939	6.822077	3.319282	0.304246
sing	12.322875	4.109435	15.553135	1.896409	2.104949	1.746784
sink	12.124168	5.161296	12.359102	5.419869	2.595769	0.669070
sister	11.500722	4.710138	10.380831	3.257503	3.454713	0.897889
sit	11.543499	4.388963	11.704680	5.153687	1.714059	0.435724
skate	13.382088	8.537724	11.552547	8.931052	3.910320	0.102440
sky	12.489529	2.807550	11.515272	2.575275	2.979163	0.571489
sled	14.741468	5.098750	12.378965	4.728827	3.731158	0.321383
sleep	12.202118	3.977394	11.948009	4.277280	2.360029	0.557831
sleepy	11.773996	5.615557	10.687184	0.615557	4.571723	1.028359
slide	13.035148	4.274110	11.517194	4.861574	2.849845	0.605398
slipper	13.713249	6.083877	11.990212	5.943937	3.340476	0.435519
slow	12.920342	6.181829	12.000904	1.181829	4.688119	1.264943
smile	12.076496	5.948074	11.315184	1.377303	4.395262	0.873265
snack	11.687536	5.401263	10.412717	5.866744	3.561054	0.221862
snow	11.881136	4.965206	11.985825	3.836988	3.263395	0.750796
so	11.413926	4.038368	11.899671	4.866136	1.284401	0.455688
soap	13.207100	5.527073	11.580622	4.760688	3.557203	0.522031
sock	12.277327	5.000241	14.543834	0.000241	3.552695	1.921512
soda	12.125796	6.688293	10.612252	7.345278	3.563667	0.144569
sofa	13.000302	4.566273	11.703577	5.104992	2.967261	0.426071
soft	11.412415	4.702251	9.366872	5.091268	3.646310	0.181559
some	12.443049	2.717894	12.811914	3.362754	1.558226	0.427094
soup	12.580544	3.995230	12.651144	-1.004770	3.910418	1.433227
spill	12.386793	4.967666	11.083069	5.713667	3.188763	0.278073
splash	12.690130	3.356191	12.323618	-1.643809	3.957412	1.080020
spoon	11.255469	3.168263	16.255469	-1.831737	2.312976	2.767630
sprinkler	13.138213	8.420799	11.738519	8.645259	3.674958	0.365144
squirrel	12.888561	5.435011	13.224742	0.435011	4.047531	1.604084
stairs	12.529651	4.000341	12.429847	3.636124	2.908911	0.741901
stand	11.934626	6.196791	13.217673	6.566026	1.491639	0.777737
star	11.399693	3.528235	10.836683	2.307908	3.352519	0.634915
stay	10.180767	5.272096	12.658124	3.896697	1.806129	1.899442
stick	11.948566	5.535893	11.916998	5.814538	2.462954	0.759890
sticky	11.745780	4.268265	10.726736	2.814175	3.721581	0.615682
stone	14.023613	5.544346	11.610822	5.431896	3.750167	0.272944
stop	12.700470	5.368821	14.034083	5.861411	1.570067	0.829972
store	12.588311	2.647836	11.725668	2.161165	3.006828	0.592391
story	12.598939	2.985455	12.527315	2.024327	2.702414	0.907414
stove	12.897066	4.098206	12.057243	3.601047	3.120746	0.636955
strawberry	10.657590	5.231154	9.297770	5.615899	3.383825	0.199465
street	11.498758	2.996223	10.522886	3.659686	3.309301	0.477387
stroller	11.664226	5.636541	11.291091	0.636541	4.727617	1.126574
stuck	12.073538	4.093832	13.812216	3.236536	2.434624	1.183159
sun	11.817948	3.995651	12.369034	3.405595	2.509637	0.949871
sweater	11.862010	3.837982	10.293499	4.164136	3.433802	0.396459
sweep	13.731447	7.185332	11.919782	7.134508	3.538310	0.315518
swim	11.090711	4.630230	10.003295	5.124499	3.525044	0.231426
swing	12.345078	5.461602	11.102324	5.395054	3.273604	0.596195
table	12.163200	3.054881	12.533266	3.230585	2.267958	0.751128
take	11.713217	3.957400	11.457649	4.881286	1.608044	0.268730
talk	12.741510	4.933226	13.393934	5.266179	1.887753	0.737021
tape	11.802461	3.755767	11.703228	4.592792	2.563412	0.726262
taste	10.834088	3.829420	9.375585	4.638646	3.414397	0.111632
teacher	13.147800	4.851470	11.397924	5.493912	3.200636	0.373615
tear	11.544859	5.506898	10.826033	2.249554	4.320937	0.846653
telephone	11.294882	4.663920	13.618999	2.578946	2.436844	1.659839
thank	11.670521	4.628298	11.418121	5.347820	1.516136	0.192419
that	11.127104	2.025787	11.587021	2.599332	1.254864	0.300543
the	10.290755	1.750267	10.999101	2.423723	1.152180	0.341795
their	11.693178	4.601238	13.575642	1.324383	2.710002	1.824752
them	11.611487	2.536731	12.346644	3.086229	1.555508	0.484048
then	11.568328	3.136048	11.837161	3.448806	1.666639	0.464065
there	11.715473	3.149646	11.683874	3.919155	1.301697	0.297367
these	10.926651	4.268052	11.630416	4.715673	1.472724	0.514521
they	10.717448	3.442142	11.275599	3.655729	1.629160	0.529159
think	11.168788	2.301257	12.298590	2.758042	1.452112	0.462181
thirsty	11.767517	4.706166	11.336930	-0.293834	4.369031	1.201650
this	11.584252	2.561234	12.026052	3.067365	1.269090	0.489102
those	12.601783	4.226622	12.102229	5.120912	1.479246	0.374236
throw	11.032814	4.031328	16.032814	-0.918162	2.569103	2.444555
tickle	10.555450	3.387223	10.784621	1.089027	3.357907	1.149685
tiger	12.683345	3.887406	12.509454	3.431232	2.943158	0.593283
time	10.704388	2.554323	14.692977	0.238374	1.928013	1.593499
tiny	11.758357	6.060721	11.546102	6.333867	2.359294	0.600228
tired	12.235891	4.380683	13.937867	3.047261	2.379302	1.190439
tissue	11.338808	4.195082	10.925525	4.130425	3.211115	0.548812
to	11.669007	2.144886	12.165782	2.893862	1.490470	0.359205
toast	11.800056	4.870912	11.883044	3.818166	2.882128	0.991292
today	11.311768	5.376623	12.368568	6.142198	1.488101	0.637097
tomorrow	13.318963	5.163226	13.472053	3.627250	2.928632	1.007325
tongue	11.886078	4.923004	12.008871	3.867417	2.909348	0.952722
tonight	11.297036	6.685134	10.875199	7.103741	3.226810	0.445327
too	11.725882	4.742347	11.242115	5.727277	1.423869	0.346728
tooth	11.193010	6.596992	10.647451	7.303573	3.454860	0.226722
toothbrush	12.404323	5.580515	10.979993	5.275028	3.796555	0.387878
touch	11.353127	3.822885	16.353127	-1.177115	2.548911	2.718915
towel	12.018581	4.470462	11.961297	2.501108	3.421582	0.960749
tractor	13.433170	4.865886	11.815419	5.648058	2.778647	0.391779
train	11.655323	4.124449	10.506266	5.595145	2.312619	0.230409
trash	12.793729	4.733443	11.409126	3.244465	3.761946	0.705245
tray	12.040528	5.189702	12.291849	0.189702	4.348955	1.378643
tree	11.320917	4.026880	11.623049	3.653698	2.637475	0.744041
truck	11.871620	3.477851	11.800816	3.645930	2.511282	0.724492
try	12.148301	4.329765	13.074890	5.047412	1.425007	0.531196
tummy	10.729898	4.805009	10.469275	5.079100	2.861032	0.591601
tuna	14.878693	7.004741	12.114762	7.630321	3.258145	0.238973
turkey	11.771028	5.537545	11.456779	0.537545	4.493477	1.131972
turn	11.836568	4.411027	16.836568	4.851176	0.684630	1.155411
turtle	13.134962	4.522748	11.669504	4.540319	3.123786	0.516521
tv	12.392722	3.810682	12.335780	2.784139	3.191215	0.663544
uh	11.103727	4.194368	10.995546	5.490720	1.418854	0.216910
uncle	14.422272	6.524960	12.484133	7.460548	3.189989	0.276066
under	11.583070	4.767849	16.583070	2.965097	1.142414	2.261497
up	11.014868	2.666222	12.533961	3.254608	1.505530	0.564543
us	11.166662	3.860473	11.421913	3.848513	2.388175	0.791397
vacuum	11.929328	7.090354	12.053202	2.090354	4.960608	1.519101
vanilla	11.968628	6.309878	10.718835	6.798956	3.579460	0.136744
wait	10.436354	4.859390	11.807602	5.726571	1.575776	1.076355
wake	11.821199	4.696567	11.415565	3.659738	3.319950	0.758258
walk	12.047402	4.926471	14.807046	3.853024	1.827141	1.539035
walker	12.863847	7.391872	11.112694	7.925931	3.844713	0.131084
wanna	11.313145	2.879540	11.148517	3.723306	1.216059	0.320211
was	11.822001	2.023162	13.302603	2.236742	1.596534	0.698977
wash	12.485161	3.962845	12.624625	-1.037155	3.662217	1.598072
washing	11.585852	5.215086	10.990162	4.726537	3.334021	0.685694
watch	11.252983	6.004991	12.044346	6.535671	1.399214	0.630237
water	10.780370	3.601868	11.900067	3.626958	2.002377	0.902587
we	12.205992	2.891159	12.620123	3.676707	1.350075	0.379328
were	11.644835	3.364814	15.012244	2.951239	1.334566	1.246847
wet	11.090533	4.392371	10.663161	3.545392	3.238038	0.730858
what	11.394441	2.869858	11.117735	3.295763	1.386750	0.249296
when	11.407394	5.030345	12.546466	5.608749	1.226917	0.663560
where	11.793319	3.818435	11.292702	4.430120	1.447234	0.253462
which	11.923375	5.362356	12.785192	5.960801	1.316949	0.758489
white	11.740874	4.180852	12.187722	1.140453	3.217861	1.367355
who	11.360855	2.809270	13.844808	2.946633	1.466663	0.853466
why	11.363377	4.667514	12.022391	5.432053	1.464745	0.515706
will	12.124965	5.156586	12.312792	5.751430	1.543818	0.467650
wind	11.025514	6.149514	10.627647	6.030381	3.250312	0.616729
window	11.942519	2.913332	12.097737	3.111620	2.563883	0.666364
windy	12.947858	5.838457	11.150741	6.277737	3.311264	0.268126
wipe	11.286246	5.577832	11.270215	5.268314	2.989410	0.814733
wish	12.182203	6.354032	10.876285	6.123826	2.970793	0.678895
with	11.537260	2.082646	12.243648	2.556391	1.493110	0.437158
wolf	13.314098	3.849596	11.930133	2.876064	3.365597	0.595704
woods	12.531647	5.936176	11.258566	6.065656	3.065335	0.410834
woof	10.388055	3.277525	9.149151	3.706191	3.420821	0.138526
work	10.540097	4.012866	10.976338	3.676598	2.685345	0.898774
would	10.996211	4.528310	13.213791	4.811757	1.266865	0.897426
write	10.799418	4.194142	10.503841	4.100900	3.149645	0.560624
yard	11.473189	5.318315	10.388825	5.442291	3.517865	0.305393
yellow	11.194173	4.833759	12.181303	5.237273	1.726929	0.759196
yes	10.797813	3.887064	10.525095	5.425797	1.527114	0.216475
yesterday	11.955990	4.765045	12.278135	4.132379	2.877380	0.926273
yogurt	11.789389	5.384681	11.327635	3.481262	3.874671	1.206751
you	9.804664	1.953254	10.474432	2.468445	0.955516	0.233137
your	10.518076	3.322540	10.063076	3.884069	1.423806	0.303276
yourself	11.166823	3.891812	11.524383	3.339375	2.493972	0.891257
yum	10.985246	2.797284	11.047554	1.836000	2.734385	0.765920
zebra	11.530267	6.282885	16.530267	5.041653	0.689809	2.228079
zipper	11.768164	5.749395	10.191971	6.557542	3.857757	0.179767
zoo	11.490421	2.795391	11.958607	-2.204609	3.683363	1.297155
