Token	MaxSurprisal	MinSurprisal	ParamUpper	ParamLower	ParamXmid	ParamScale
a	10.003425	2.033282	10.085787	2.617050	1.311995	0.269810
about	10.727820	2.862607	13.098773	3.037737	1.378805	0.845211
above	11.896987	5.658940	11.444439	6.020504	3.519884	0.267719
after	11.010916	5.726000	11.833517	4.391381	2.714343	1.705496
airplane	11.978890	4.247855	11.150988	4.918156	3.062136	0.417132
all	11.587974	3.835615	12.227599	4.636670	1.351880	0.475838
alligator	12.211099	4.478031	11.242476	4.435791	3.463409	0.435386
am	12.124154	5.190777	11.809120	5.765154	2.140039	0.529845
and	11.877275	3.164455	11.479397	3.877331	1.492827	0.177202
animal	11.930334	5.208516	13.645556	4.976908	1.883347	1.302807
ankle	13.753975	6.830289	12.189524	8.098538	3.534230	0.277224
another	11.428771	3.808657	12.415795	4.261339	1.720312	0.635509
any	11.595061	3.298365	16.021301	3.593510	1.019198	1.131958
apple	11.419449	3.710503	11.915564	3.757104	2.392104	0.950265
are	10.889310	2.456244	12.358539	3.005824	1.364222	0.540323
arm	11.524875	3.963246	11.720413	3.823893	2.817396	0.733677
around	11.009717	3.546384	16.009717	2.374881	1.334426	1.677580
asleep	10.959401	3.771568	10.475004	4.020767	3.277143	0.329669
at	11.775414	1.084952	12.019441	1.956409	1.498603	0.323489
aunt	12.098235	7.006460	11.315266	7.140334	3.826097	0.332799
awake	11.510821	4.099272	10.625888	4.598069	3.640450	0.313278
away	12.132979	2.584455	13.519177	2.168439	2.085126	0.957276
baby	10.944148	2.326243	15.944148	3.070455	0.770825	0.892633
babysitter	13.219731	4.844447	11.896387	4.928122	3.743597	0.430304
back	11.233466	3.250706	15.057689	3.153466	1.199439	1.137494
backyard	11.245618	5.196941	10.423167	6.051626	3.580389	0.268508
bad	11.740653	4.458954	12.990380	2.860206	2.843562	1.292907
ball	12.394522	1.499607	14.562957	2.174371	1.734480	0.817846
balloon	12.406261	4.175303	12.031487	4.744707	2.701411	0.539394
banana	10.970218	4.638472	10.996568	5.037197	2.633023	0.823955
basement	11.792982	4.860294	11.028829	4.540459	3.737944	0.670044
basket	11.664136	3.010144	11.911295	2.532616	2.927681	0.773498
bat	13.192716	4.759837	11.804968	4.870142	3.265898	0.507862
bath	11.216703	2.807962	11.062593	2.638149	2.850768	0.693926
bathroom	11.570201	3.882827	11.118835	4.904999	3.083934	0.471049
bathtub	11.985527	5.848394	11.623524	6.914740	2.886576	0.576024
be	10.443028	2.659299	11.268367	2.957421	1.540990	0.638582
beach	12.424222	3.330600	11.321002	3.451481	3.134859	0.449490
beads	12.991830	5.365965	11.837171	5.089905	3.425014	0.674587
beans	11.564501	3.338171	11.165062	3.411703	3.416883	0.467966
bear	10.023771	2.772138	10.206289	2.188211	2.879832	0.862862
because	11.610068	4.526954	13.680507	5.103591	1.178986	0.855930
bed	11.865610	3.919544	12.172889	3.935278	2.526295	0.772515
bedroom	12.127121	3.912216	11.288082	4.773563	3.134755	0.312014
bee	11.081198	2.904858	16.081198	-2.095142	2.769472	2.942480
before	11.742144	4.678782	16.742144	3.136346	1.280944	2.084841
behind	11.718829	3.151252	12.167310	-1.848748	3.979953	1.566541
belly	11.198485	4.615385	16.198485	0.772191	2.050667	2.959653
belt	13.492173	5.330923	11.823531	5.270103	3.469510	0.475190
bench	12.651539	5.239213	11.756986	5.706939	3.577973	0.320755
beside	12.644701	6.917192	11.765754	7.768300	3.648542	0.285928
better	11.493575	4.177177	13.778897	3.187015	1.976838	1.483217
bib	11.106148	4.232837	11.498630	5.102711	2.717646	0.891921
bicycle	12.448286	3.561570	11.214811	4.038945	3.314160	0.389282
big	11.054586	4.711906	10.695507	5.335089	1.566320	0.231321
bird	11.649981	3.984643	12.058228	3.880861	2.521768	0.941405
bite	11.950268	3.989034	12.979591	4.152764	2.237035	1.014141
black	12.158637	3.996214	11.875690	3.782829	2.767836	0.699435
blanket	11.667737	4.204965	11.508242	4.949259	2.869873	0.565858
block	11.515739	3.657922	11.755218	2.898050	2.988014	0.986214
blow	12.320778	4.956641	12.118780	4.947236	2.823547	0.858410
blue	11.746116	3.905850	16.746116	2.672900	1.108790	1.685205
boat	12.810844	4.377282	11.289647	5.042596	2.723907	0.334002
book	11.018718	2.960116	11.443539	4.294757	1.480227	0.327348
boots	13.372903	4.409584	11.965534	4.559519	3.221115	0.372025
bottle	11.781561	3.653866	16.781561	4.308688	0.706174	1.199887
bowl	11.409098	4.049048	11.452044	4.046762	2.744326	0.791901
box	11.095491	2.680761	11.161601	2.649535	2.520067	0.678577
boy	11.898217	2.801246	12.797376	3.497605	1.755536	0.604899
bread	11.529820	4.309390	16.188523	2.174325	1.571605	2.125674
break	12.042406	3.862957	11.308409	3.821277	2.861866	0.590033
breakfast	10.903015	3.329431	10.721175	3.842522	2.860476	0.652543
bring	11.368381	4.601263	11.598592	4.903197	2.302926	0.781386
broken	11.227901	4.637322	10.599351	5.520173	3.034839	0.348117
broom	12.681134	4.893331	11.230285	5.120332	3.762524	0.364052
brother	12.285173	4.137250	12.696390	1.724247	3.212005	1.285664
brown	11.164956	4.536942	9.462429	4.892497	3.324267	0.261108
brush	12.519087	3.895951	11.337793	4.526606	3.019906	0.494165
bubbles	12.816281	4.580735	12.926542	2.794322	3.338332	1.239215
bucket	12.734960	6.130012	13.265529	6.666382	1.930896	0.752558
bug	11.259336	4.497795	10.821732	4.272878	3.426405	0.671608
build	11.070968	4.074071	11.126585	4.243556	2.781701	0.776187
bump	11.040529	4.011902	10.103376	4.832078	3.410825	0.297928
bunny	10.490491	4.243356	11.112006	3.569337	2.981471	1.224100
bus	12.452568	2.354929	11.743193	2.375287	2.826459	0.468406
but	12.136627	4.314654	11.648346	5.122634	1.484816	0.210950
butter	11.266960	3.515004	10.652896	3.263808	3.273031	0.556291
butterfly	12.994013	4.865113	14.086714	4.088935	2.454220	1.111225
button	12.155728	4.480733	12.135952	4.180266	2.886907	0.854512
buy	11.655083	3.588116	11.309504	3.925746	2.947516	0.380030
by	11.442249	4.700692	15.158623	2.398851	1.888169	2.122918
bye	11.202856	2.283306	10.876876	2.760893	2.558736	0.458865
cake	11.346370	3.025613	10.872652	3.043850	3.076906	0.461047
call	11.423275	4.483738	11.503843	4.229014	2.709675	0.731265
camera	11.487349	4.185909	12.515840	2.985987	2.862478	1.328810
camping	14.304794	5.789841	12.559909	6.608098	3.623389	0.197503
can	10.724894	2.838616	11.550080	3.412927	1.355361	0.447894
candy	12.436968	4.514261	11.333417	4.960696	3.496374	0.358767
car	11.226012	3.222559	10.949879	3.584135	2.430434	0.474422
careful	10.948547	3.162709	10.807147	3.581745	2.458056	0.558877
carrots	12.345699	4.567732	11.348844	3.379298	3.612175	0.846128
carry	11.611142	4.593164	10.938888	4.768851	3.190797	0.525167
cat	11.403191	3.596028	11.361343	4.149147	2.546129	0.474989
catch	12.201626	3.747531	11.674166	3.526868	3.164909	0.662259
cereal	11.748604	5.583596	12.666637	4.840599	2.580333	1.222168
chair	12.426756	3.116029	12.739730	3.509907	2.282950	0.726901
chalk	13.657696	6.088105	11.452839	6.646239	3.629445	0.260264
chase	12.141146	7.121942	11.278656	7.244657	3.491966	0.487947
cheek	11.364287	6.849926	11.012324	6.782353	3.485817	0.565621
cheese	11.767949	3.385485	14.883842	2.082761	1.997950	1.657669
chicken	11.040793	3.893041	11.188503	3.080165	2.883059	0.952949
child	12.550106	6.081838	13.385337	4.170880	3.227266	1.435545
chin	12.758613	4.867311	11.283929	4.714926	3.344831	0.537956
chocolate	12.053689	4.838249	11.183030	5.385747	3.046644	0.223975
choo	11.532293	3.432314	10.806879	4.104071	2.937740	0.357930
church	12.862986	5.121422	11.425836	5.864646	3.414801	0.203668
circus	11.363552	4.093661	10.284530	4.412360	3.552995	0.291439
clap	10.878322	4.196621	9.138543	4.818257	3.714293	0.103715
clean	11.550117	3.930984	16.550117	-0.015738	2.309597	2.382520
climb	11.285028	4.870782	10.695670	5.323804	2.974766	0.703312
clock	12.404266	4.323912	17.404266	3.461278	1.082766	1.712180
close	13.224765	4.504143	17.408164	3.856942	1.448814	1.358992
closet	12.046327	3.744790	11.291485	2.546107	3.636593	0.778768
cloud	12.555851	4.348526	11.409161	4.861045	3.458614	0.317207
clown	11.316109	3.122677	10.967977	1.910691	3.493268	0.739072
coat	11.935696	4.711952	11.698105	5.306925	2.857547	0.557261
coffee	12.442540	3.407861	11.811975	3.275712	3.088736	0.535742
coke	13.825859	5.765474	11.843515	6.053768	3.651602	0.208632
cold	12.466247	3.796206	13.013128	3.804459	2.530053	0.809024
comb	12.421185	5.391749	12.088446	5.873324	3.071481	0.644332
cook	11.765922	4.400343	11.526238	3.948878	3.269678	0.649630
cookie	11.963964	3.296577	16.963964	2.134398	1.426474	1.879006
corn	11.895466	5.316001	11.244457	4.911875	3.408326	0.603236
couch	12.149292	3.597164	11.727350	3.342787	3.191902	0.657276
could	11.337291	4.375741	12.455949	4.713445	1.577166	0.683068
country	13.695992	6.167455	11.998225	6.711717	3.330199	0.231962
cover	12.042730	6.411313	12.999182	3.797373	3.700958	1.708266
cow	11.186271	3.022562	15.988242	1.549468	1.563619	1.743422
cowboy	13.180910	5.147809	11.674013	6.065888	3.463824	0.243576
cracker	14.253512	4.715710	12.673060	5.720098	2.948689	0.397866
crayon	14.244137	4.893331	12.359579	6.509173	2.861650	0.297986
crib	12.019796	4.765725	11.919042	4.548208	3.232453	0.858888
cry	11.609311	3.820196	10.688028	3.897972	3.173609	0.517341
cup	11.043668	4.256065	16.043668	2.177877	1.244846	2.322299
cut	11.354097	4.518022	10.758019	4.270207	3.181004	0.596006
cute	11.440146	5.224858	12.886674	0.224858	4.061558	2.232692
daddy	12.204561	4.161147	14.578510	4.670704	1.512699	1.094459
dance	10.981133	3.402875	9.621042	4.063643	3.618410	0.186913
dark	12.995479	3.343989	11.452697	3.687850	3.256719	0.318170
day	10.884624	2.688536	10.968327	1.452012	2.953825	1.117569
deer	11.701537	4.302652	10.570112	3.833532	3.753889	0.509826
diaper	12.285641	3.342908	17.285641	-0.880600	2.668897	2.534002
did	11.849406	3.861740	11.634846	4.453885	1.570137	0.328020
dinner	12.309133	3.938723	12.538765	3.682401	2.612017	0.899738
dirty	11.607037	5.070553	13.076615	4.682554	2.359576	1.272161
dish	11.821036	5.624486	12.355516	0.736618	4.539641	1.819899
do	10.968316	2.468395	11.339273	3.295839	1.220716	0.399370
doctor	12.221628	4.128548	11.228926	3.972551	3.116197	0.497489
does	11.264071	3.912538	12.303656	4.755938	1.336805	0.529172
dog	11.869020	4.140351	13.103823	4.335211	1.873860	0.774378
doll	11.413036	3.888796	15.318300	3.974217	1.386719	1.501551
donkey	11.873755	4.588399	13.260178	3.638047	2.644444	1.430743
donut	14.645245	4.443511	12.612379	4.914629	3.618165	0.324732
door	11.281806	1.913799	12.007142	1.317441	2.615322	0.963912
down	11.696528	2.310155	13.832784	2.367087	1.775403	0.843506
downtown	13.606131	6.636704	11.984213	7.579673	3.801006	0.139088
draw	14.060230	3.278092	12.182787	4.141978	2.856221	0.219993
drawer	11.696351	4.260267	11.267375	4.186059	3.390489	0.543662
dress	11.705144	4.755230	10.978898	5.550432	3.083542	0.510295
drink	11.262042	3.334137	12.142487	2.953072	2.414138	0.971917
drive	13.111669	3.853278	12.741479	3.073754	3.005098	0.766686
drop	10.941142	5.383002	9.726422	5.840560	3.440760	0.267083
dry	11.672567	4.724884	10.713982	4.247384	3.411775	0.709669
dryer	12.614132	7.512563	11.186360	8.430487	3.799922	0.141570
duck	11.325513	3.899906	13.495268	3.783441	1.756280	1.229905
dump	11.489681	4.928105	10.553512	5.144532	3.587061	0.449584
each	12.328245	5.902203	17.188419	0.902203	2.447483	3.225092
ear	11.763284	4.611082	12.057075	4.179918	2.688547	0.903688
eat	11.373021	2.868104	16.373021	3.012149	0.586267	1.212295
egg	12.799164	4.214469	11.587134	4.739032	2.722996	0.305168
elephant	11.606787	3.734435	10.840036	4.105876	2.795184	0.451209
empty	12.791877	5.096026	11.347417	5.264087	3.249747	0.493724
every	11.305881	7.215134	11.864379	7.479024	2.054239	1.124772
eye	11.832218	4.831841	13.801655	4.545847	1.902860	1.301149
face	11.365735	3.990695	13.598663	3.576176	1.917506	1.129652
fall	11.439577	3.524048	11.732176	3.407281	2.566011	0.979481
farm	11.551775	3.119102	12.562097	-1.880898	3.815313	1.634009
fast	12.027857	3.310155	11.717189	3.138352	2.981576	0.682845
feed	12.058525	5.134643	17.058525	4.641185	0.869237	1.655157
find	11.251119	2.807463	14.610330	2.046245	1.498791	1.437469
fine	11.956590	4.726074	16.544481	-0.273926	2.648667	2.866664
finger	11.473502	3.638944	11.482443	3.861027	2.668876	0.585529
finish	12.210868	5.590892	12.211758	5.732091	2.422634	0.727398
first	11.932150	4.650429	16.380337	3.813393	1.248744	1.676671
fish	11.621875	3.643245	11.395280	4.210680	2.696291	0.446201
fit	11.394176	2.937645	11.574875	2.249043	2.844026	0.938801
fix	13.330024	3.885052	11.759401	5.035949	2.634437	0.348856
flag	12.760336	5.324164	11.473611	5.933923	3.437791	0.367395
flower	12.997719	5.138046	11.710075	6.254477	2.673469	0.336605
food	11.653815	4.176930	16.653815	4.671807	0.705103	1.107689
foot	11.962958	2.414386	16.962958	-2.464943	2.429534	2.258471
for	11.641511	3.101733	12.558436	3.862783	1.450247	0.497564
fork	12.884647	3.621907	11.845089	3.911996	3.103137	0.471404
french	12.601708	6.030951	12.111956	6.197755	3.503260	0.472979
friend	11.289845	2.973416	11.873076	1.923653	2.774337	0.995782
frog	10.732538	3.542687	13.091671	-1.457313	3.688478	2.164895
full	11.327336	5.382907	10.988463	5.306171	3.175741	0.628446
game	11.030376	3.012392	10.327409	2.839773	3.426687	0.509970
garage	12.884985	3.579674	11.744611	4.063594	2.982920	0.377691
garbage	13.511483	3.207457	12.090017	3.188770	3.203979	0.534145
garden	13.623341	3.024728	12.618526	3.828262	2.831719	0.361093
gas	11.591667	5.197372	11.199821	5.618914	3.518463	0.367743
gentle	11.534525	5.153975	16.534525	0.455076	2.546693	3.114154
get	10.636403	3.208262	10.592922	3.991603	1.459861	0.335177
giraffe	11.894825	3.658811	11.262245	4.426791	3.044936	0.421162
girl	11.876974	1.902138	11.655889	2.410738	2.037730	0.586887
give	11.269926	3.189351	12.732674	3.837645	1.575234	0.677636
glass	12.183935	5.322914	11.055154	5.414891	3.285872	0.510548
glasses	11.875673	3.655327	11.322317	3.102687	3.325811	0.635358
gloves	13.176943	4.485255	12.085540	5.073543	3.539937	0.317685
glue	13.018943	4.731013	11.504801	5.402831	3.466260	0.222109
go	12.365013	1.563855	13.334458	2.133990	1.659278	0.499116
good	11.707369	3.379242	12.028766	3.970085	1.518857	0.398286
goose	11.669137	4.081376	11.895259	-0.918624	4.427968	1.552853
grandma	10.726466	4.728807	10.082384	4.499262	3.781985	0.429058
grandpa	11.609995	3.718098	10.471036	4.318540	3.590083	0.209685
grapes	13.605346	3.908013	12.298094	4.659915	3.071780	0.375117
grass	12.322215	3.142296	11.313640	2.886206	3.212987	0.525098
green	12.125934	3.566780	15.032394	2.476596	1.732257	1.372436
gum	11.610250	4.103083	10.778727	4.650310	3.534902	0.249093
hair	11.415960	2.446766	16.415960	1.105876	1.412010	1.728899
hamburger	12.218909	5.122256	13.663486	0.122256	4.231288	2.581495
hammer	12.571618	2.772241	11.826456	3.293618	3.310121	0.482690
hand	12.564251	3.265159	13.800712	4.295672	1.617099	0.682563
happy	10.766523	3.255270	10.538571	2.030630	3.296483	0.883408
hard	11.321374	4.358046	13.763771	3.728100	1.725160	1.401035
hat	10.366535	2.833889	11.979612	1.470168	2.619359	1.415989
hate	13.253990	5.428851	11.919386	6.690690	3.223982	0.387565
have	11.587350	2.011654	11.054672	3.194406	1.497936	0.167783
he	11.293570	2.673206	12.347736	3.460391	1.439945	0.518212
head	10.739462	2.909745	11.426998	3.116728	1.920865	0.755617
hear	11.822613	3.617197	13.057883	4.250953	1.807349	0.751978
heavy	11.642803	4.456819	11.154310	4.174272	3.040488	0.738153
helicopter	13.116281	4.143011	12.163164	4.768381	3.142001	0.404163
hello	11.293766	3.997979	11.585227	4.804575	1.746162	0.542669
help	12.260585	3.601125	15.251560	3.419445	1.744412	1.143543
her	11.210557	1.849725	13.784252	1.880929	1.609982	0.876106
here	11.765650	3.164513	11.470747	3.909020	1.504270	0.270593
hi	11.517388	4.359035	10.986767	6.102066	1.536906	0.148056
hide	11.189146	4.005708	10.419617	4.243944	3.384672	0.386464
high	11.691489	5.059996	14.086390	3.642434	2.173477	1.686002
him	11.165716	2.241062	13.666599	2.509083	1.626866	0.853836
his	10.849955	4.063568	12.415738	4.206011	1.567241	0.793031
hit	11.975323	5.339286	16.975323	0.596256	2.344209	3.043412
hold	11.358951	5.167455	11.630705	6.092881	1.642995	0.417763
home	11.315637	0.474294	11.987807	1.706804	1.735375	0.456457
horse	11.229014	3.766830	12.236058	2.786138	2.502446	1.277854
hose	13.063083	4.577554	11.713443	4.969070	3.450628	0.350445
hot	11.232890	3.710745	11.015351	4.451640	2.621404	0.418603
house	11.854204	2.374138	12.717258	2.299980	2.285231	0.878742
how	11.293012	4.188761	11.459635	5.104072	1.528409	0.329683
hug	11.682602	3.429468	16.682602	-1.300056	2.503035	2.654995
hungry	12.287300	3.715741	15.022818	2.968385	1.954672	1.263145
hurry	12.059492	6.791673	11.740307	6.173060	3.477606	0.806694
hurt	12.323280	3.511458	13.056294	3.429039	2.511420	0.890724
i	11.833520	4.226652	10.920922	4.332083	3.212450	0.464198
ice	11.722781	4.941295	16.722781	4.388737	0.939672	1.470817
if	11.130257	4.031731	12.585593	4.415437	1.394247	0.660695
inside	11.599085	5.077296	12.530796	4.642761	2.409898	1.011204
into	11.667130	5.246977	13.619303	5.524677	1.278061	0.994720
is	11.406808	2.245222	11.467624	3.281028	1.404869	0.328562
it	10.880708	2.038664	11.108240	2.483545	1.381550	0.295552
jacket	12.422554	3.827838	11.103486	3.711480	3.432599	0.543770
jar	11.402572	5.454181	11.559096	1.458054	4.452598	1.496690
jeans	13.328828	5.049936	11.789943	5.771779	3.716407	0.402658
jelly	13.894730	5.104301	12.264776	5.823956	3.123846	0.302327
juice	11.546963	2.530207	13.192062	2.195357	2.048078	1.059565
jump	11.958571	2.925051	10.909197	2.517112	3.250549	0.619634
keys	12.782816	5.486325	17.782816	6.190642	0.141001	1.518668
kick	11.319197	5.604214	9.712319	5.688434	3.636287	0.354212
kiss	10.545910	2.042410	12.809537	-2.643164	3.463830	1.943170
kitchen	11.935174	3.532377	12.265276	3.629160	2.351869	0.713259
kitty	11.771909	3.118601	12.907067	3.882668	1.990361	0.891236
knee	11.156265	3.088589	10.074423	3.835515	3.327356	0.288373
knife	14.020950	4.564416	11.972334	5.242114	3.091035	0.233102
knock	11.101620	4.383010	11.056533	-0.616990	4.495033	1.474418
ladder	13.566426	4.478013	12.566986	5.062378	3.050612	0.266973
lady	11.213261	4.871489	9.953538	4.795996	3.332076	0.678912
lamb	12.156069	3.969865	11.826205	-1.030135	4.376054	1.449078
lamp	14.392350	4.247779	12.533551	3.789636	3.612166	0.488602
last	12.004431	3.950930	15.277034	1.464218	2.375393	1.943953
later	11.366221	3.528602	11.189805	3.456379	3.132309	0.650064
lawn	13.727337	5.177194	11.942399	5.998987	3.744583	0.341933
leg	12.099089	2.980758	11.749589	0.520528	3.497702	1.018394
lick	12.839589	5.274493	11.370724	5.108223	3.573479	0.555827
light	10.802014	4.140697	10.077459	3.785771	3.274361	0.692051
like	11.202171	1.828039	12.414438	2.568364	1.331095	0.448128
lion	11.552784	3.380853	11.345596	4.040372	2.786290	0.495499
lips	12.111254	5.477800	11.720343	5.889963	3.354514	0.357126
listen	11.718460	5.659053	12.234974	5.284399	2.541118	1.034203
little	11.004076	2.858500	11.154312	3.878884	1.510421	0.289572
living	12.383480	3.791442	12.315016	3.161077	3.317089	0.717024
lollipop	11.776316	3.044501	11.007423	3.536023	3.607734	0.223944
long	12.016695	3.662650	13.074716	3.417744	2.271281	0.931008
look	10.502723	3.140301	15.502723	3.586334	0.445361	0.886369
loud	11.962543	4.379866	11.263683	3.834737	3.241625	0.702260
love	12.100307	4.814492	12.917616	5.628280	1.632743	0.642791
lunch	11.938943	2.683917	12.322847	0.966816	3.003559	1.069384
mad	12.060640	5.644790	11.626189	4.572562	3.401217	0.967914
make	11.397382	3.949857	11.641934	4.552496	1.543433	0.540320
man	11.147921	3.740809	11.565662	3.394800	2.756631	0.894961
me	10.918198	1.453279	11.860315	2.118970	1.665001	0.532573
meat	11.292017	4.494105	9.657462	4.603286	3.571462	0.303358
medicine	12.202361	3.764347	10.882365	3.741432	3.471116	0.435579
milk	12.541929	3.338733	11.629886	3.371227	2.583977	0.679062
mine	12.327386	3.899570	11.090188	4.431585	2.763204	0.471781
mommy	11.766062	3.801309	16.766062	4.231071	0.880511	1.522727
money	11.603813	3.762075	10.831739	4.073717	3.143452	0.417457
monkey	12.558162	3.756877	12.627746	3.076574	2.777460	1.051277
moo	11.440327	3.623605	15.690416	-1.376395	2.888687	2.940174
moon	12.353833	2.041974	13.687595	0.132982	2.987875	1.223683
moose	12.424605	5.515263	11.320202	5.962265	3.702715	0.502152
mop	14.423382	6.167490	12.447210	6.758892	3.715240	0.287024
more	11.016837	3.325726	11.993293	4.104922	1.480007	0.584331
morning	11.277632	2.543461	11.150272	2.697562	2.593478	0.557469
motorcycle	13.144683	4.492811	11.861003	5.027514	3.353975	0.582621
mouse	12.045463	3.381296	11.613102	3.537754	2.830000	0.695422
mouth	12.047146	1.203627	16.441163	0.443384	1.571176	1.242670
movie	14.050660	3.782786	12.434149	4.371908	3.385957	0.394298
much	10.487007	2.523893	11.980012	1.984629	2.192442	0.986843
muffin	13.237997	4.815889	12.019917	5.005068	3.533710	0.369283
my	12.348661	4.459216	12.282875	5.394375	1.567830	0.253992
myself	12.272706	4.193025	11.261740	4.452385	3.189769	0.368728
nail	13.206342	6.001243	11.698070	6.486253	3.400841	0.340930
nap	12.028975	3.421081	12.421986	2.347842	2.888870	1.067615
napkin	12.812197	4.802002	11.757300	5.582219	3.390913	0.353822
naughty	13.620792	4.515660	12.014739	5.241492	2.956190	0.211953
necklace	11.430415	5.098272	10.932232	5.010180	3.581265	0.471351
need	11.570638	3.821736	11.807585	4.793964	1.880985	0.464409
new	11.699995	5.002686	13.881379	5.242617	1.371267	0.923279
next	11.672839	5.145685	14.077309	4.402315	1.752076	1.485716
nice	11.337207	3.795001	13.071791	4.010791	1.478617	0.804899
night	12.203269	3.334500	14.046645	2.468640	2.150104	1.288473
no	10.925042	2.776622	10.325924	3.546379	1.470155	0.245011
noisy	10.785299	5.735421	10.577310	5.937573	3.364930	0.653544
none	11.936376	6.245333	12.670823	2.584288	4.065264	1.867466
noodles	11.419111	4.947879	10.598148	5.568653	3.754662	0.272308
nose	10.620266	2.607534	10.266681	1.730044	2.820064	0.969152
not	11.217530	3.241334	10.719224	4.066003	1.515115	0.209977
now	11.228236	3.809489	12.118559	4.345685	1.427039	0.647134
nurse	11.999802	4.615469	11.517665	4.515442	3.497218	0.532219
nuts	14.007928	4.988294	12.076820	5.433476	3.490485	0.378885
of	11.119765	1.529890	11.904653	2.056947	1.596936	0.416178
off	11.753942	2.403592	14.188085	2.124400	1.833432	0.983394
old	12.533213	4.138090	17.533213	0.709543	2.088521	2.111774
on	11.542250	2.522272	11.563102	3.477801	1.505231	0.233980
open	12.130352	3.731018	12.410211	3.785443	2.195004	0.953629
orange	11.286821	4.127935	11.875348	4.081695	2.239690	0.939558
other	11.392813	4.056943	11.993048	4.750277	1.492745	0.444538
ouch	11.627879	7.257913	11.007761	7.747943	2.299389	0.416093
our	11.480860	4.513185	16.480860	3.191009	1.144383	1.840399
out	10.685558	2.065985	15.685558	1.650749	1.243583	1.326169
outside	11.858403	4.589578	11.583661	5.073678	2.497533	0.642422
oven	12.089407	3.369912	11.921637	3.082841	3.069850	0.676936
over	11.544289	3.293784	13.285032	3.728988	1.493587	0.764706
owl	12.069737	4.252305	12.321876	2.767469	3.236153	1.020481
paint	12.805094	5.394300	11.606233	5.927180	3.355654	0.342178
pajamas	12.706565	3.549523	12.033524	3.668673	3.076148	0.602294
pancake	12.040722	5.469886	11.126250	5.943340	3.639691	0.354557
pants	11.237695	3.105338	12.515451	-0.499928	3.481953	1.640163
paper	12.186595	2.940953	11.809376	2.890733	2.717188	0.730469
park	12.078891	4.003916	11.496057	4.387926	2.970425	0.383274
party	12.328871	2.973157	11.051597	3.193064	3.156934	0.353102
peanut	12.297801	4.953489	17.297801	0.933069	2.260987	2.993888
peas	11.477577	3.791080	16.477577	1.823047	1.327419	2.347308
pen	12.281300	5.051649	11.283660	5.660050	2.836094	0.463481
pencil	13.739943	3.385602	11.960159	3.860357	3.299555	0.363542
penguin	13.215356	5.318847	11.767135	6.079553	2.992681	0.356853
penis	13.322517	5.772169	11.712838	6.166654	3.858176	0.324752
penny	12.641936	4.000282	11.403542	4.573177	3.379545	0.275619
people	11.902441	4.147871	13.545846	3.487216	2.120014	1.217940
person	11.360018	3.887792	10.699743	3.947090	3.401418	0.559767
pick	11.419303	5.478538	12.495053	5.921073	1.559652	0.819932
pickle	13.998350	3.420545	11.896598	3.840630	3.595546	0.184568
picnic	11.338647	3.416399	10.598667	3.671464	3.277370	0.423755
picture	11.147458	2.773470	11.082339	2.769206	2.681823	0.605869
pig	12.374117	3.946875	13.183858	3.384584	2.266532	1.016562
pillow	12.179040	5.221086	11.186838	5.218622	3.148067	0.552933
pizza	12.903480	3.599576	17.903480	2.909576	1.127864	1.654169
plant	12.264412	7.496615	11.012461	8.021894	3.363331	0.442171
plate	11.780010	3.329399	16.780010	-0.474829	2.107806	2.267921
play	11.879703	2.784525	11.730931	3.974662	1.516631	0.362416
playground	13.578732	7.007631	12.360865	7.523851	3.480576	0.314727
please	11.545794	3.799717	13.297433	3.180732	2.101752	1.223512
police	13.179721	4.910272	11.966592	5.246948	3.156524	0.341722
pony	13.816704	5.067864	12.225303	5.423097	3.376998	0.405065
pool	11.691844	2.810976	10.539480	3.261475	3.403808	0.250934
poor	10.999930	5.674420	10.231632	6.278194	2.927375	0.510248
popcorn	13.815930	4.707846	11.731508	5.228346	3.697119	0.247744
popsicle	13.059874	6.907503	11.500570	7.582606	3.965814	0.330550
porch	12.641742	4.132505	11.309399	4.678279	3.700320	0.277354
potato	12.050298	3.672361	11.603939	4.250464	3.439041	0.377484
pour	12.175593	5.235360	11.597716	5.624139	2.924065	0.626099
present	12.859881	3.882565	11.565418	4.521403	3.057185	0.323218
pretend	10.922715	4.250760	13.836183	-0.749240	3.651365	2.656658
pretty	11.123708	4.873834	16.123708	4.917251	0.636996	1.374101
pretzel	13.350297	4.841342	12.134949	5.052392	3.801110	0.392546
pudding	13.847801	5.162323	12.096536	5.559335	3.424478	0.336657
pull	11.413107	4.707957	12.855943	5.136812	1.770668	0.902852
pumpkin	11.893855	5.110350	11.634909	3.953457	3.373124	1.049657
puppy	11.542134	3.899425	11.913592	2.492462	3.255918	1.296240
purse	11.450784	4.682464	11.129334	4.627950	3.447507	0.755983
push	11.165307	3.273584	11.727976	2.815118	2.731101	0.914578
put	11.003645	2.551123	11.147462	3.571798	1.656433	0.318831
puzzle	12.156089	3.531373	11.300592	4.098392	3.164244	0.406026
quack	11.543207	2.466419	12.981273	2.303807	2.129316	0.910797
quiet	11.713327	4.170393	10.411525	3.503725	3.641369	0.688489
radio	13.198133	6.198220	11.853199	6.748180	3.095267	0.458461
rain	12.236367	3.628312	12.448872	1.986644	3.314659	1.041756
raisin	13.753288	6.758617	11.464751	7.613743	3.744699	0.443336
read	12.484880	3.096985	13.077103	3.955488	1.511867	0.437777
red	11.066316	5.010564	10.632341	5.477385	1.969056	0.590829
refrigerator	11.958023	3.637143	11.190525	3.841742	3.240427	0.613300
ride	11.992171	4.008092	11.431643	4.483706	2.856840	0.550448
rip	11.922806	5.377094	10.103749	5.598029	3.750126	0.371585
rock	11.129581	5.275388	10.789306	5.070791	3.450017	0.625836
rocking	12.506163	5.263838	12.243473	5.687989	3.151373	0.695355
roof	12.028885	3.885733	11.463763	3.709849	3.286593	0.596059
room	11.545875	2.992309	12.502683	2.479687	2.468463	0.915390
rooster	12.374103	4.048785	11.715151	-0.951215	4.488345	1.351208
run	11.214740	5.933055	10.907465	6.239086	2.724521	0.587718
sad	12.298898	4.052332	11.717601	3.899710	3.130903	0.646388
salt	13.059075	4.496294	11.684730	4.966542	3.419880	0.349339
same	11.680077	2.883460	13.208138	2.778557	2.031798	0.890395
sandwich	11.334450	3.782587	15.493332	-1.217413	2.696625	2.629599
sauce	11.021481	3.622232	10.351949	3.750097	3.590784	0.358599
say	10.968998	4.013142	10.811608	5.402649	1.542219	0.209702
scared	11.788146	3.820313	10.431562	4.072436	3.446353	0.317050
scarf	13.626408	5.639631	12.062132	5.902851	3.377774	0.366752
school	12.264987	2.077091	10.512612	2.559103	3.011996	0.388566
scissors	12.161319	3.908780	10.887444	4.161032	3.469770	0.336622
see	10.631266	1.984010	12.659536	2.636692	1.268661	0.645299
shake	10.494744	3.238432	10.836336	-1.761568	4.487205	1.656391
share	11.501649	5.028492	14.275677	2.711843	2.574010	2.289523
she	11.412629	2.089809	12.623280	2.328591	1.581872	0.760295
sheep	10.880600	3.974515	13.906379	-1.025485	3.440146	2.594023
shh	11.148394	6.051398	15.369075	1.051398	2.961640	3.554170
shirt	11.888913	4.458410	14.289426	3.948444	1.882362	1.422053
shoe	11.867696	4.086420	12.938968	3.574969	2.331774	1.280970
shopping	12.696777	4.552135	11.856697	5.210227	3.032189	0.358304
shorts	12.840402	5.951258	11.513635	6.183022	3.463715	0.522385
shoulder	12.772379	3.598319	11.433439	3.664889	3.521446	0.434624
shovel	12.418793	4.585866	11.461477	4.905853	3.564035	0.458080
show	11.996823	5.055024	14.043947	5.204709	1.517414	0.991347
shower	11.634917	4.083160	11.453508	4.783415	3.113195	0.530294
sick	11.340451	3.666421	10.341817	3.877624	3.546965	0.343812
sidewalk	13.223271	6.027570	12.153267	6.907670	2.993703	0.444863
sing	12.377878	3.976391	13.824043	2.884670	2.282706	1.219057
sink	12.194624	4.481684	10.808128	4.603881	3.264726	0.494000
sister	12.482150	4.600774	17.482150	-0.399224	2.196493	3.106647
sit	11.660823	4.347227	12.431551	4.560409	1.528414	0.811275
skate	15.636780	6.668926	13.210132	7.111286	3.759324	0.258082
sky	11.458745	2.761362	10.889506	2.870522	3.037013	0.527552
sled	14.163109	4.674777	12.185376	4.947771	3.699211	0.272377
sleep	11.320451	3.710148	11.230401	4.068755	2.564778	0.470639
sleepy	11.360058	4.725432	11.703024	-0.084776	4.516936	1.594819
slide	12.573831	4.264533	11.807130	4.569530	2.941813	0.432105
slipper	13.299669	4.998797	12.133118	5.378604	3.312230	0.441027
slow	11.654706	5.760383	10.499694	6.282103	3.770641	0.228018
smile	11.851988	5.393615	10.398612	5.652745	3.793575	0.230079
snack	12.073472	4.440350	10.726888	4.921120	3.568414	0.293905
snow	13.366660	4.749675	12.004369	5.147056	3.058813	0.392689
so	11.368684	3.687635	11.214753	4.983560	1.401758	0.209008
soap	12.312808	4.680874	11.391637	5.066665	3.359243	0.445712
sock	11.627276	4.503131	10.405549	4.595927	3.262462	0.652867
soda	13.681467	4.825051	12.162161	5.358300	3.635924	0.400670
sofa	13.097673	4.322279	12.045038	4.775752	3.123916	0.366061
soft	12.542475	4.286022	13.884929	-0.713978	3.774578	2.118283
some	11.724869	2.725364	12.684860	3.208619	1.461460	0.457405
soup	12.094694	4.049792	11.463515	3.003559	3.283729	0.835992
spill	13.038445	4.528191	11.779646	5.144787	3.153985	0.350458
splash	11.013795	2.657280	9.567489	3.216217	3.708247	0.198319
spoon	11.498966	2.848643	16.498966	2.395532	1.185560	1.508610
sprinkler	14.384847	6.590809	12.408741	7.457744	3.860959	0.352870
squirrel	11.727873	4.874322	11.387328	4.985474	3.450099	0.693541
stairs	12.991548	3.878373	11.741796	4.233247	3.009526	0.468972
stand	10.743680	5.495650	13.300162	5.608419	1.323591	1.230996
star	12.116725	3.311158	12.126501	2.921707	2.869154	0.837953
stay	12.078784	4.977172	14.042876	4.883408	1.601373	1.092302
stick	11.361066	4.935447	11.226471	4.745830	3.124600	0.894863
sticky	11.800198	3.728685	10.743555	4.021230	3.446808	0.477466
stone	13.564350	3.744163	11.726095	4.491808	3.739626	0.275363
stop	12.024961	4.606699	13.472332	3.973770	2.214435	1.205718
store	12.360912	2.703906	11.502393	2.649340	2.988538	0.525958
story	11.976802	2.874617	11.613035	2.777551	2.809504	0.637839
stove	12.651719	3.605248	11.548602	3.892340	3.238670	0.401847
strawberry	11.759287	5.132049	11.325936	4.713351	3.006565	0.808930
street	11.280619	2.920020	10.505987	3.295944	3.327204	0.508395
stroller	12.260541	4.194488	12.145239	3.090314	3.826722	1.106937
stuck	10.975088	3.834463	10.364706	4.740345	2.861080	0.573794
sun	11.802354	3.395740	11.831971	2.866459	2.835562	0.858081
sweater	11.761795	4.034978	10.766260	4.160598	3.474803	0.434553
sweep	13.542564	5.879010	12.293789	6.247045	3.531740	0.472820
swim	11.071914	3.843225	9.899677	4.279131	3.623017	0.241248
swing	11.896115	5.035337	11.324554	5.385334	3.094239	0.585570
table	11.278230	3.074296	11.256230	3.101077	2.671686	0.567504
take	11.766610	3.769717	11.778209	4.741343	1.683023	0.334533
talk	11.797184	4.754735	16.102319	4.063577	1.164889	1.510191
tape	11.142028	4.011043	10.881463	5.010179	2.788315	0.465600
taste	11.629329	3.758109	11.287210	0.692964	3.763495	1.184348
teacher	11.736209	4.483278	11.025209	4.531866	3.572329	0.444331
tear	12.177696	4.958466	11.358526	3.442261	3.880911	0.892970
telephone	11.602839	4.245853	11.748627	4.645459	2.524334	0.753848
thank	12.268593	4.355771	11.686667	5.126444	1.731621	0.279749
that	10.653884	2.075498	10.818022	2.621887	1.266532	0.278641
the	11.648727	1.711104	11.766923	2.300998	1.174566	0.280356
their	10.885267	4.589693	12.794796	3.605803	2.065992	1.512318
them	11.209593	2.029208	11.947565	2.769659	1.642636	0.511141
then	11.143980	2.805385	11.370439	3.352920	1.784553	0.465885
there	11.548232	3.147827	11.638990	3.805331	1.482250	0.280683
these	12.025786	3.911231	12.164694	4.563842	1.560420	0.414941
they	11.451822	3.022987	13.289936	3.347189	1.333172	0.734829
think	10.769820	2.187588	10.547514	3.152214	1.536961	0.202034
thirsty	12.269240	4.046852	11.367677	1.916671	3.863068	1.040633
this	11.561296	2.470572	11.447999	2.974690	1.509751	0.353486
those	11.314247	4.287711	11.249249	5.028387	1.477447	0.289436
throw	11.644275	3.459547	13.084737	3.693126	2.111694	0.987867
tickle	11.144158	3.214429	12.161080	2.761290	2.428200	0.948359
tiger	11.857514	3.047521	11.093496	3.987510	3.032419	0.318797
time	12.568806	1.993066	14.371602	2.386396	1.790578	0.746212
tiny	11.643330	5.806203	11.345659	6.382532	2.601164	0.384192
tired	12.077621	4.185073	12.900193	2.915065	2.561426	1.226883
tissue	11.852571	3.458026	11.599768	3.030330	3.173596	0.707195
to	11.260105	1.997020	11.986972	2.793081	1.451597	0.391994
toast	12.025650	4.609467	11.419185	4.166620	2.978822	0.741109
today	11.171101	5.161708	14.997920	5.392988	0.771584	1.209693
tomorrow	11.491200	4.430742	10.847911	4.808729	3.284539	0.362812
tongue	11.857163	4.046136	11.571578	3.457585	3.018686	0.960085
tonight	11.255073	6.045519	10.266665	6.399088	3.513249	0.302679
too	10.924285	4.230098	15.471368	4.915933	0.489360	1.013566
tooth	10.964261	5.604489	10.009531	5.677754	3.868599	0.374742
toothbrush	12.126929	5.023479	11.178496	4.388206	3.817417	0.614317
touch	11.483929	3.186632	16.483929	0.334527	2.011470	2.215187
towel	11.587775	4.162427	11.687792	3.292835	3.185313	0.913000
tractor	13.907566	4.654793	12.138880	5.569329	2.823086	0.217035
train	12.104308	3.998962	11.369270	4.933969	2.634657	0.225784
trash	12.398589	4.650346	11.037734	4.837268	3.451734	0.612024
tray	11.934752	4.972098	11.078212	3.676309	3.633934	0.811464
tree	12.004576	4.001030	11.698965	4.644476	2.650753	0.390201
truck	11.827448	3.026075	11.400314	3.760264	2.681483	0.409659
try	11.017866	3.882868	13.472160	4.442560	1.091530	0.933679
tummy	12.180986	4.244631	12.751779	4.685258	2.246311	0.887802
tuna	13.474117	5.476597	11.669424	6.225782	3.625105	0.310352
turkey	11.274358	5.155418	10.315719	5.281687	3.700780	0.368431
turn	12.054579	4.383801	15.078048	4.842690	1.049147	1.038646
turtle	12.136362	3.875849	11.433218	3.129377	3.320337	0.695254
tv	11.877754	3.193112	10.868486	3.689338	3.398884	0.333880
uh	11.329737	4.064114	11.087143	5.310164	1.604173	0.106435
uncle	13.397804	5.468628	12.001727	6.359693	3.481051	0.415196
under	11.213820	3.908519	16.213820	-1.091481	2.668856	3.225693
up	10.756532	2.644262	11.256626	3.356184	1.691078	0.433796
us	11.252536	3.760116	12.269479	3.613929	2.297858	0.914685
vacuum	12.378727	6.044554	11.450619	4.999756	3.952877	0.779031
vanilla	11.174399	6.028921	10.101952	6.563493	3.662739	0.091301
wait	11.724566	5.086050	13.705736	5.832504	1.360778	0.927211
wake	11.482435	4.289565	11.025534	4.197270	3.387005	0.465026
walk	11.369702	4.411869	12.553694	3.810761	2.510597	1.142664
walker	13.523114	5.709198	11.745042	6.425563	4.106537	0.266973
wanna	10.755880	2.634062	10.745974	3.628313	1.300834	0.247687
was	11.246217	1.963963	13.107780	2.002511	1.638075	0.793091
wash	11.711447	3.248498	11.819303	2.456687	2.927327	0.939963
washing	12.948189	4.471957	11.662363	4.962997	3.214224	0.407617
watch	12.218507	5.336330	12.640643	6.149815	1.702998	0.560084
water	10.815941	3.200825	11.633477	2.989635	2.323406	0.891606
we	11.262886	2.972192	11.703248	3.613042	1.388979	0.335765
were	11.061121	3.250213	13.846042	3.144649	1.577628	1.125991
wet	11.492263	3.872198	11.113068	3.165426	3.199413	0.874284
what	11.519813	2.704930	11.748611	3.263688	1.297495	0.278202
when	11.559969	5.112711	13.856559	5.420513	1.103425	0.765540
where	10.999100	3.459089	11.386635	4.265047	1.473390	0.346866
which	11.454007	5.534434	12.608188	6.113257	1.321956	0.636714
white	11.792245	4.016984	12.407439	2.748615	2.813685	1.068402
who	11.445779	2.714512	13.025235	2.911429	1.727643	0.757670
why	11.294650	4.405279	12.027860	5.218912	1.499783	0.599570
will	11.717210	4.784486	12.340514	5.139826	1.711556	0.654323
wind	11.893785	5.628130	11.025444	5.950536	3.161627	0.485076
window	11.508698	2.927419	11.127835	3.171681	2.745377	0.530992
windy	13.113988	5.219566	11.372533	6.103313	3.381219	0.259033
wipe	11.884186	4.789476	12.133913	4.402514	2.815884	0.991842
wish	12.476731	5.979054	15.891757	4.763895	1.527258	1.880464
with	11.445662	1.852601	11.301251	2.463867	1.580860	0.229597
wolf	13.959724	3.210715	12.027408	3.607232	3.355850	0.327340
woods	13.174664	5.412015	12.025135	6.054231	3.092701	0.318501
woof	10.827135	3.106769	11.178027	3.003976	2.551385	0.775394
work	11.447805	3.796394	11.705735	3.195648	2.622966	1.022587
would	11.746430	4.595045	12.720434	5.171612	1.440623	0.563292
write	11.419719	3.712294	10.936451	3.733629	3.191492	0.578172
yard	11.359917	4.652102	10.471798	4.763492	3.581881	0.370073
yellow	11.677378	4.629445	13.595172	4.488575	1.509989	1.146500
yes	10.649736	4.453649	10.073673	5.532290	1.503318	0.183242
yesterday	12.962802	4.172943	12.469011	4.564567	2.880073	0.694819
yogurt	13.148830	5.135400	11.671231	6.359945	2.944915	0.465290
you	10.344699	1.961356	10.048018	2.389775	0.982860	0.201291
your	11.136361	3.244298	10.925442	3.697774	1.491779	0.283856
yourself	11.298140	3.246203	11.783509	2.587015	2.665490	1.023742
yum	11.280200	2.426572	12.206818	2.616772	2.064830	0.754076
zebra	10.986104	4.610882	15.986104	4.489924	0.637072	2.230070
zipper	12.138099	4.602005	12.127810	-0.397995	4.671002	1.449267
zoo	11.740529	2.575637	13.251531	-0.853962	3.060542	1.500119
